$ 1 0.000015625 10.20027730826997 50 5 43 5e-11
193 176 208 256 208 6 4.999999999999999
R 0 256 -96 256 0 0 40 5 0 0 0.5
154 80 240 176 240 0 2 0 5
w 32 208 80 224 0
w -112 192 32 208 0
w 272 208 512 208 0
w 176 208 176 144 0
R 176 144 240 144 0 0 40 5 0 0 0.5
w 512 208 512 16 0
w 512 16 0 16 0
150 -192 64 -192 144 0 2 0 5
s -208 64 -208 -32 0 1 true
w -176 64 0 16 0
w -192 144 -112 192 0
R -208 -32 -48 -48 0 0 40 5 0 0 0.5
w 512 208 640 208 0
162 640 208 784 208 2 default-led 1 0 0 0.01
g 784 208 896 208 0 0
s 0 256 80 256 0 1 true
