$ 1 0.0000049999999999999996 382.76258214399064 50 5 43 5e-11
193 -4288 -128 -4240 -128 6 5
I -4160 -96 -4096 -96 0 0.5 5
I -4192 -16 -4192 -64 0 0.5 5
I -4288 -16 -4288 -64 0 0.5 5
R -4288 -96 -4368 -96 4 5 30 5 0 0 0.5
R -4288 -16 -4288 32 0 0 40 5 0 0 0.5
R -4288 -128 -4288 -176 0 0 40 5 0 0 0.5
R -4096 -128 -4096 -176 0 0 40 5 0 0 0.5
R -4096 -16 -4096 32 0 0 40 5 0 0 0.5
I -4096 -16 -4096 -64 0 0.5 5
I -4000 -16 -4000 -64 0 0.5 5
193 -4096 -128 -4048 -128 6 0
R -3920 -128 -3920 -176 0 0 40 5 0 0 0.5
R -3920 -16 -3920 32 0 0 40 5 0 0 0.5
I -3920 -16 -3920 -64 0 0.5 5
I -3824 -16 -3824 -64 0 0.5 5
193 -3920 -128 -3872 -128 6 5
w -4160 -128 -4160 -240 0
w -3792 -128 -3792 -240 0
w -3616 -128 -3616 -240 0
193 -3744 -128 -3696 -128 6 0
I -3648 -16 -3648 -64 0 0.5 5
I -3744 -16 -3744 -64 0 0.5 5
R -3744 -16 -3744 32 0 0 40 5 0 0 0.5
R -3680 96 -3680 144 0 0 40 5 0 0 0.5
R -3744 -128 -3744 -176 0 0 40 5 0 0 0.5
I -3984 -96 -3920 -96 0 0.5 5
I -3808 -96 -3744 -96 0 0.5 5
151 -3536 -176 -3536 -48 0 2 0 5
150 -3424 -176 -3424 -48 0 2 0 5
150 -3472 -48 -3472 48 0 2 0 5
w -4160 -240 -4160 -320 0
w -4160 -320 -3552 -320 0
w -3552 -320 -3552 -176 0
w -4160 -320 -4160 -352 0
w -3792 -288 -3520 -288 0
w -3520 -288 -3520 -176 0
w -3968 -256 -3968 -384 0
w -3968 -224 -3440 -224 0
w -3440 -224 -3440 -176 0
w -3616 -272 -3408 -272 0
w -3408 -272 -3408 -176 0
w -3536 -48 -3488 -48 0
w -3424 -48 -3456 -48 0
w -3680 64 -3472 64 0
w -3472 48 -3472 64 0
w -3648 -16 -3648 48 0
w -3824 -16 -3824 48 0
w -4000 -16 -4000 48 0
w -4192 -16 -4192 48 0
w -3904 48 -3904 80 0
w -3904 80 -3776 80 0
419 -3536 -448 -3136 -448 0 4
w -4160 -352 -3536 -352 0
w -3616 -448 -3536 -448 0
w -4160 -96 -4160 -128 0
w -3968 -256 -3968 -224 0
w -3968 -224 -3968 -128 0
w -3648 -128 -3616 -128 0
w -4192 -128 -4160 -128 0
151 -3680 80 -3776 80 0 2 5 5
w -4000 48 -3904 48 0
w -3904 48 -3824 48 0
w -3824 48 -3648 48 0
w -4192 48 -4000 48 0
w -4000 -128 -3984 -128 0
w -3968 -128 -3984 -128 0
w -3984 -128 -3984 -96 0
w -3824 -128 -3808 -128 0
w -3792 -128 -3808 -128 0
w -3808 -128 -3808 -96 0
w -3792 -240 -3792 -288 0
w -3792 -288 -3792 -416 0
w -3616 -240 -3616 -272 0
w -3616 -448 -3616 -272 0
w -3536 -384 -3968 -384 0
w -3792 -416 -3536 -416 0
w -3472 64 -3232 64 0
w -3728 -496 -3728 -592 0
w -3808 -992 -3552 -992 0
w -3552 -960 -3984 -960 0
w -3808 -864 -3808 -992 0
w -3808 -816 -3808 -864 0
w -3808 -704 -3824 -704 0
w -3840 -704 -3824 -704 0
w -4000 -704 -4000 -672 0
w -3984 -704 -4000 -704 0
w -4016 -704 -4000 -704 0
w -4208 -528 -4016 -528 0
w -3920 -528 -3840 -528 0
w -4016 -528 -3920 -528 0
w -4208 -704 -4176 -704 0
w -3984 -800 -3984 -704 0
w -3984 -832 -3984 -800 0
w -4176 -672 -4176 -704 0
w -4176 -928 -3552 -928 0
419 -3552 -1024 -3152 -1024 0 4
w -4208 -592 -4208 -528 0
w -4016 -592 -4016 -528 0
w -3840 -592 -3840 -528 0
w -3840 -496 -3728 -496 0
w -3984 -832 -3984 -960 0
w -4176 -896 -4176 -928 0
w -4176 -816 -4176 -896 0
151 -3728 -720 -3728 -592 0 2 5 5
I -4000 -672 -3936 -672 0 0.5 5
R -3840 -464 -3840 -416 0 0 40 5 0 0 0.5
w -3808 -704 -3808 -816 0
w -4176 -704 -4176 -816 0
193 -3936 -704 -3888 -704 6 0
I -3840 -592 -3840 -640 0 0.5 5
I -3936 -592 -3936 -640 0 0.5 5
R -3936 -592 -3936 -544 0 0 40 5 0 0 0.5
R -3936 -704 -3936 -752 0 0 40 5 0 0 0.5
193 -4112 -704 -4064 -704 6 5
I -4016 -592 -4016 -640 0 0.5 5
I -4112 -592 -4112 -640 0 0.5 5
R -4112 -592 -4112 -544 0 0 40 5 0 0 0.5
R -4112 -704 -4112 -752 0 0 40 5 0 0 0.5
R -4304 -704 -4304 -752 0 0 40 5 0 0 0.5
R -4304 -592 -4304 -544 0 0 40 5 0 0 0.5
I -4304 -592 -4304 -640 0 0.5 5
I -4208 -592 -4208 -640 0 0.5 5
I -4176 -672 -4112 -672 0 0.5 5
193 -4304 -704 -4256 -704 6 0
150 -3840 -480 -4016 -480 0 2 5 5
w -4016 -528 -4016 -480 0
w -3808 -816 -3744 -816 0
w -3744 -816 -3744 -720 0
w -3984 -832 -3712 -832 0
w -3712 -832 -3712 -720 0
R -4304 -672 -4384 -672 4 5 20 5 0 0 0.5
w -3728 -496 -3184 -496 0
w -3504 -1120 -3168 -1120 0
w -3824 -1600 -3568 -1600 0
w -3568 -1568 -4000 -1568 0
w -3648 -1632 -3648 -1456 0
w -3648 -1424 -3648 -1456 0
w -3824 -1472 -3824 -1600 0
w -3824 -1424 -3824 -1472 0
w -3840 -1312 -3840 -1280 0
w -3824 -1312 -3840 -1312 0
w -3856 -1312 -3840 -1312 0
w -4016 -1312 -4016 -1280 0
w -4000 -1312 -4016 -1312 0
w -4032 -1312 -4016 -1312 0
w -4224 -1136 -4032 -1136 0
w -3856 -1136 -3680 -1136 0
w -3936 -1136 -3856 -1136 0
w -4032 -1136 -3936 -1136 0
151 -3712 -1104 -3808 -1104 0 2 5 5
w -4224 -1312 -4192 -1312 0
w -3680 -1312 -3648 -1312 0
w -4000 -1408 -4000 -1312 0
w -4000 -1440 -4000 -1408 0
w -4192 -1280 -4192 -1312 0
w -4192 -1536 -3568 -1536 0
419 -3568 -1632 -3168 -1632 0 4
w -3936 -1104 -3808 -1104 0
w -3936 -1136 -3936 -1104 0
w -4224 -1200 -4224 -1136 0
w -4032 -1200 -4032 -1136 0
w -3856 -1200 -3856 -1136 0
w -3680 -1200 -3680 -1136 0
w -3504 -1136 -3504 -1120 0
w -3712 -1120 -3504 -1120 0
w -3456 -1232 -3488 -1232 0
w -3568 -1232 -3520 -1232 0
w -3440 -1456 -3440 -1360 0
w -3648 -1456 -3440 -1456 0
w -3472 -1408 -3472 -1360 0
w -4000 -1408 -3472 -1408 0
w -4000 -1440 -4000 -1568 0
w -3552 -1472 -3552 -1360 0
w -3824 -1472 -3552 -1472 0
w -4192 -1504 -4192 -1536 0
w -3584 -1504 -3584 -1360 0
w -4192 -1504 -3584 -1504 0
w -4192 -1424 -4192 -1504 0
150 -3504 -1232 -3504 -1136 0 2 0 5
150 -3456 -1360 -3456 -1232 0 2 0 5
151 -3568 -1360 -3568 -1232 0 2 0 5
I -3840 -1280 -3776 -1280 0 0.5 5
I -4016 -1280 -3952 -1280 0 0.5 5
R -3776 -1312 -3776 -1360 0 0 40 5 0 0 0.5
R -3776 -1200 -3776 -1152 0 0 40 5 0 0 0.5
I -3776 -1200 -3776 -1248 0 0.5 5
I -3680 -1200 -3680 -1248 0 0.5 5
193 -3776 -1312 -3728 -1312 6 0
w -3648 -1312 -3648 -1424 0
w -3824 -1312 -3824 -1424 0
w -4192 -1312 -4192 -1424 0
193 -3952 -1312 -3904 -1312 6 5
I -3856 -1200 -3856 -1248 0 0.5 5
I -3952 -1200 -3952 -1248 0 0.5 5
R -3952 -1200 -3952 -1152 0 0 40 5 0 0 0.5
R -3952 -1312 -3952 -1360 0 0 40 5 0 0 0.5
193 -4128 -1312 -4080 -1312 6 0
I -4032 -1200 -4032 -1248 0 0.5 5
I -4128 -1200 -4128 -1248 0 0.5 5
R -4128 -1200 -4128 -1152 0 0 40 5 0 0 0.5
R -4128 -1312 -4128 -1360 0 0 40 5 0 0 0.5
R -4320 -1312 -4320 -1360 0 0 40 5 0 0 0.5
R -4320 -1200 -4320 -1152 0 0 40 5 0 0 0.5
R -4320 -1280 -4400 -1280 4 5 30 5 0 0 0.5
I -4320 -1200 -4320 -1248 0 0.5 5
I -4224 -1200 -4224 -1248 0 0.5 5
I -4192 -1280 -4128 -1280 0 0.5 5
193 -4320 -1312 -4272 -1312 6 5
w -3744 -1680 -3712 -1680 0
R -4320 -1856 -4400 -1856 4 5 20 5 0 0 0.5
w -3728 -2016 -3728 -1904 0
w -4000 -2016 -3728 -2016 0
w -3760 -2000 -3760 -1904 0
w -4032 -1712 -4032 -1664 0
150 -3856 -1664 -4032 -1664 0 2 5 5
193 -4320 -1888 -4272 -1888 6 0
I -4192 -1856 -4128 -1856 0 0.5 5
I -4224 -1776 -4224 -1824 0 0.5 5
I -4320 -1776 -4320 -1824 0 0.5 5
R -4320 -1776 -4320 -1728 0 0 40 5 0 0 0.5
R -4320 -1888 -4320 -1936 0 0 40 5 0 0 0.5
R -4128 -1888 -4128 -1936 0 0 40 5 0 0 0.5
R -4128 -1776 -4128 -1728 0 0 40 5 0 0 0.5
I -4128 -1776 -4128 -1824 0 0.5 5
I -4032 -1776 -4032 -1824 0 0.5 5
193 -4128 -1888 -4080 -1888 6 5
w -4192 -1888 -4192 -2000 0
R -3856 -1648 -3856 -1600 0 0 40 5 0 0 0.5
151 -3744 -1904 -3744 -1776 0 2 5 5
w -4192 -2000 -4192 -2080 0
w -4192 -2080 -4192 -2112 0
w -4000 -2016 -4000 -2144 0
w -3856 -1680 -3744 -1680 0
w -4032 -1776 -4032 -1712 0
w -4224 -1776 -4224 -1712 0
419 -3568 -2208 -3168 -2208 0 4
w -4192 -2112 -3568 -2112 0
w -4192 -1856 -4192 -1888 0
w -4000 -2016 -4000 -1984 0
w -4000 -1984 -4000 -1888 0
w -4224 -1888 -4192 -1888 0
w -4224 -1712 -4032 -1712 0
w -4032 -1888 -4016 -1888 0
w -4000 -1888 -4016 -1888 0
w -3568 -2144 -4000 -2144 0
w -3744 -1680 -3744 -1776 0
w -4192 -2000 -3760 -2000 0
w -2816 -2000 -2384 -2000 0
w -2368 -1680 -2368 -1776 0
w -2192 -2144 -2624 -2144 0
w -2624 -1888 -2640 -1888 0
w -2656 -1888 -2640 -1888 0
w -2848 -1712 -2656 -1712 0
w -2848 -1888 -2816 -1888 0
w -2624 -1984 -2624 -1888 0
w -2624 -2016 -2624 -1984 0
w -2816 -1856 -2816 -1888 0
w -2816 -2112 -2192 -2112 0
419 -2192 -2208 -1792 -2208 0 4
w -2848 -1776 -2848 -1712 0
w -2656 -1776 -2656 -1712 0
w -2480 -1680 -2368 -1680 0
w -2624 -2016 -2624 -2144 0
w -2816 -2080 -2816 -2112 0
w -2816 -2000 -2816 -2080 0
151 -2368 -1904 -2368 -1776 0 2 5 5
R -2480 -1648 -2480 -1600 0 0 40 5 0 0 0.5
w -2816 -1888 -2816 -2000 0
193 -2752 -1888 -2704 -1888 6 0
I -2656 -1776 -2656 -1824 0 0.5 5
I -2752 -1776 -2752 -1824 0 0.5 5
R -2752 -1776 -2752 -1728 0 0 40 5 0 0 0.5
R -2752 -1888 -2752 -1936 0 0 40 5 0 0 0.5
R -2944 -1888 -2944 -1936 0 0 40 5 0 0 0.5
R -2944 -1776 -2944 -1728 0 0 40 5 0 0 0.5
I -2944 -1776 -2944 -1824 0 0.5 5
I -2848 -1776 -2848 -1824 0 0.5 5
I -2816 -1856 -2752 -1856 0 0.5 5
193 -2944 -1888 -2896 -1888 6 5
150 -2480 -1664 -2656 -1664 0 2 5 5
w -2656 -1712 -2656 -1664 0
w -2384 -2000 -2384 -1904 0
w -2624 -2016 -2352 -2016 0
w -2352 -2016 -2352 -1904 0
w -2368 -1680 -2336 -1680 0
193 -2944 -1312 -2896 -1312 6 0
I -2816 -1280 -2752 -1280 0 0.5 5
I -2848 -1200 -2848 -1248 0 0.5 5
I -2944 -1200 -2944 -1248 0 0.5 5
R -2944 -1200 -2944 -1152 0 0 40 5 0 0 0.5
R -2944 -1312 -2944 -1360 0 0 40 5 0 0 0.5
R -2752 -1312 -2752 -1360 0 0 40 5 0 0 0.5
R -2752 -1200 -2752 -1152 0 0 40 5 0 0 0.5
I -2752 -1200 -2752 -1248 0 0.5 5
I -2656 -1200 -2656 -1248 0 0.5 5
193 -2752 -1312 -2704 -1312 6 0
R -2576 -1312 -2576 -1360 0 0 40 5 0 0 0.5
R -2576 -1200 -2576 -1152 0 0 40 5 0 0 0.5
I -2576 -1200 -2576 -1248 0 0.5 5
I -2480 -1200 -2480 -1248 0 0.5 5
193 -2576 -1312 -2528 -1312 6 5
w -2816 -1312 -2816 -1424 0
w -2448 -1312 -2448 -1424 0
w -2272 -1312 -2272 -1424 0
193 -2400 -1312 -2352 -1312 6 0
I -2304 -1200 -2304 -1248 0 0.5 5
I -2400 -1200 -2400 -1248 0 0.5 5
R -2400 -1200 -2400 -1152 0 0 40 5 0 0 0.5
R -2400 -1312 -2400 -1360 0 0 40 5 0 0 0.5
I -2640 -1280 -2576 -1280 0 0.5 5
I -2464 -1280 -2400 -1280 0 0.5 5
151 -2192 -1360 -2192 -1232 0 2 5 5
150 -2080 -1360 -2080 -1232 0 2 0 5
150 -2128 -1232 -2128 -1136 0 2 0 5
w -2816 -1424 -2816 -1504 0
w -2816 -1504 -2208 -1504 0
w -2208 -1504 -2208 -1360 0
w -2816 -1504 -2816 -1536 0
w -2448 -1472 -2176 -1472 0
w -2176 -1472 -2176 -1360 0
w -2624 -1440 -2624 -1568 0
w -2624 -1408 -2096 -1408 0
w -2096 -1408 -2096 -1360 0
w -2272 -1456 -2064 -1456 0
w -2064 -1456 -2064 -1360 0
w -2192 -1232 -2144 -1232 0
w -2080 -1232 -2112 -1232 0
w -2336 -1120 -2128 -1120 0
w -2128 -1136 -2128 -1120 0
w -2304 -1200 -2304 -1136 0
w -2480 -1200 -2480 -1136 0
w -2656 -1200 -2656 -1136 0
w -2848 -1200 -2848 -1136 0
w -2560 -1136 -2560 -1104 0
w -2560 -1104 -2432 -1104 0
419 -2192 -1632 -1792 -1632 0 4
w -2816 -1536 -2192 -1536 0
w -2816 -1280 -2816 -1312 0
w -2624 -1440 -2624 -1408 0
w -2624 -1408 -2624 -1312 0
w -2304 -1312 -2272 -1312 0
w -2848 -1312 -2816 -1312 0
151 -2336 -1104 -2432 -1104 0 2 5 5
w -2656 -1136 -2560 -1136 0
w -2560 -1136 -2480 -1136 0
w -2480 -1136 -2304 -1136 0
w -2848 -1136 -2656 -1136 0
w -2656 -1312 -2640 -1312 0
w -2624 -1312 -2640 -1312 0
w -2640 -1312 -2640 -1280 0
w -2480 -1312 -2464 -1312 0
w -2448 -1312 -2464 -1312 0
w -2464 -1312 -2464 -1280 0
w -2448 -1424 -2448 -1472 0
w -2448 -1472 -2448 -1600 0
w -2272 -1424 -2272 -1456 0
w -2272 -1632 -2272 -1456 0
w -2192 -1568 -2624 -1568 0
w -2448 -1600 -2192 -1600 0
w -2128 -1120 -1792 -1120 0
w -2352 -496 -1808 -496 0
w -2336 -832 -2336 -720 0
w -2608 -832 -2336 -832 0
w -2368 -816 -2368 -720 0
w -2432 -816 -2368 -816 0
w -2640 -528 -2640 -480 0
150 -2464 -480 -2640 -480 0 2 5 5
193 -2928 -704 -2880 -704 6 0
I -2800 -672 -2736 -672 0 0.5 5
I -2832 -592 -2832 -640 0 0.5 5
I -2928 -592 -2928 -640 0 0.5 5
R -2928 -592 -2928 -544 0 0 40 5 0 0 0.5
R -2928 -704 -2928 -752 0 0 40 5 0 0 0.5
R -2736 -704 -2736 -752 0 0 40 5 0 0 0.5
R -2736 -592 -2736 -544 0 0 40 5 0 0 0.5
I -2736 -592 -2736 -640 0 0.5 5
I -2640 -592 -2640 -640 0 0.5 5
193 -2736 -704 -2688 -704 6 0
R -2560 -704 -2560 -752 0 0 40 5 0 0 0.5
R -2560 -592 -2560 -544 0 0 40 5 0 0 0.5
I -2560 -592 -2560 -640 0 0.5 5
I -2464 -592 -2464 -640 0 0.5 5
193 -2560 -704 -2512 -704 6 5
w -2800 -704 -2800 -816 0
w -2432 -704 -2432 -816 0
R -2464 -464 -2464 -416 0 0 40 5 0 0 0.5
I -2624 -672 -2560 -672 0 0.5 5
151 -2352 -720 -2352 -592 0 2 5 5
w -2800 -816 -2800 -896 0
w -2800 -896 -2800 -928 0
w -2608 -832 -2608 -960 0
w -2464 -496 -2352 -496 0
w -2464 -592 -2464 -528 0
w -2640 -592 -2640 -528 0
w -2832 -592 -2832 -528 0
419 -2176 -1024 -1776 -1024 0 4
w -2800 -928 -2176 -928 0
w -2800 -672 -2800 -704 0
w -2608 -832 -2608 -800 0
w -2608 -800 -2608 -704 0
w -2832 -704 -2800 -704 0
w -2640 -528 -2544 -528 0
w -2544 -528 -2464 -528 0
w -2832 -528 -2640 -528 0
w -2640 -704 -2624 -704 0
w -2608 -704 -2624 -704 0
w -2624 -704 -2624 -672 0
w -2464 -704 -2448 -704 0
w -2432 -704 -2448 -704 0
w -2432 -816 -2432 -864 0
w -2432 -864 -2432 -992 0
w -2176 -960 -2608 -960 0
w -2432 -992 -2176 -992 0
w -2352 -496 -2352 -592 0
w -2096 64 -1856 64 0
w -2416 -416 -2160 -416 0
w -2160 -384 -2592 -384 0
w -2240 -448 -2240 -272 0
w -2240 -240 -2240 -272 0
w -2416 -288 -2416 -416 0
w -2416 -240 -2416 -288 0
w -2432 -128 -2432 -96 0
w -2416 -128 -2432 -128 0
w -2448 -128 -2432 -128 0
w -2608 -128 -2608 -96 0
w -2592 -128 -2608 -128 0
w -2624 -128 -2608 -128 0
w -2816 48 -2624 48 0
w -2448 48 -2272 48 0
w -2528 48 -2448 48 0
w -2624 48 -2528 48 0
151 -2304 80 -2400 80 0 2 5 5
w -2816 -128 -2784 -128 0
w -2272 -128 -2240 -128 0
w -2592 -224 -2592 -128 0
w -2592 -256 -2592 -224 0
w -2784 -96 -2784 -128 0
w -2240 -448 -2160 -448 0
w -2784 -352 -2160 -352 0
419 -2160 -448 -1760 -448 0 4
w -2528 80 -2400 80 0
w -2528 48 -2528 80 0
w -2816 -16 -2816 48 0
w -2624 -16 -2624 48 0
w -2448 -16 -2448 48 0
w -2272 -16 -2272 48 0
w -2096 48 -2096 64 0
w -2304 64 -2096 64 0
w -2048 -48 -2080 -48 0
w -2160 -48 -2112 -48 0
w -2032 -272 -2032 -176 0
w -2240 -272 -2032 -272 0
w -2064 -224 -2064 -176 0
w -2592 -224 -2064 -224 0
w -2592 -256 -2592 -384 0
w -2144 -288 -2144 -176 0
w -2416 -288 -2144 -288 0
w -2784 -320 -2784 -352 0
w -2176 -320 -2176 -176 0
w -2784 -320 -2176 -320 0
w -2784 -240 -2784 -320 0
150 -2096 -48 -2096 48 0 2 0 5
150 -2048 -176 -2048 -48 0 2 0 5
151 -2160 -176 -2160 -48 0 2 0 5
I -2432 -96 -2368 -96 0 0.5 5
I -2608 -96 -2544 -96 0 0.5 5
R -2368 -128 -2368 -176 0 0 40 5 0 0 0.5
R -2304 96 -2304 144 0 0 40 5 0 0 0.5
R -2368 -16 -2368 32 0 0 40 5 0 0 0.5
I -2368 -16 -2368 -64 0 0.5 5
I -2272 -16 -2272 -64 0 0.5 5
193 -2368 -128 -2320 -128 6 0
w -2240 -128 -2240 -240 0
w -2416 -128 -2416 -240 0
w -2784 -128 -2784 -240 0
193 -2544 -128 -2496 -128 6 5
I -2448 -16 -2448 -64 0 0.5 5
I -2544 -16 -2544 -64 0 0.5 5
R -2544 -16 -2544 32 0 0 40 5 0 0 0.5
R -2544 -128 -2544 -176 0 0 40 5 0 0 0.5
193 -2720 -128 -2672 -128 6 0
I -2624 -16 -2624 -64 0 0.5 5
I -2720 -16 -2720 -64 0 0.5 5
R -2720 -16 -2720 32 0 0 40 5 0 0 0.5
R -2720 -128 -2720 -176 0 0 40 5 0 0 0.5
R -2912 -128 -2912 -176 0 0 40 5 0 0 0.5
R -2912 -16 -2912 32 0 0 40 5 0 0 0.5
R -2912 -96 -2992 -96 4 5 200 5 0 0 0.5
I -2912 -16 -2912 -64 0 0.5 5
I -2816 -16 -2816 -64 0 0.5 5
I -2784 -96 -2720 -96 0 0.5 5
193 -2912 -128 -2864 -128 6 5
w -1856 64 -1856 144 0
w -1856 144 -3088 144 0
w -3088 144 -3088 -672 0
w -3088 -672 -2928 -672 0
w -1808 -496 -1808 -1072 0
w -1808 -1072 -3024 -1056 0
w -3024 -1056 -3024 -1280 0
w -3024 -1280 -2944 -1280 0
w -1792 -1120 -1808 -2288 0
R -3712 -1088 -3712 -1040 0 0 40 5 0 0 0.5
R -2336 -1088 -2336 -1040 0 0 40 5 0 0 0.5
w -1808 -2288 -3024 -2288 0
w -3024 -2288 -3024 -1856 0
w -3024 -1856 -2944 -1856 0
w -2272 -1632 -2192 -1632 0
R 1408 -496 1328 -496 4 5 10000 5 0 0 0.5
w 848 -912 2704 -912 0
w -1392 -3008 -1408 912 0
v -1616 -3008 -1392 -3008 0 0 40 5 0 0 0.5
g -1616 -3008 -1664 -3008 0 0
s -336 -528 80 -528 0 1 false
s -1072 -2400 -752 -2400 0 1 true
R -336 -528 -336 -576 0 0 40 5 0 0 0.5
150 1408 -512 1552 -512 0 2 5 5
R -1072 -2400 -1072 -2448 0 0 40 5 0 0 0.5
R -1088 -2272 -1088 -2320 0 0 40 5 0 0 0.5
s -1088 -2272 -768 -2272 0 1 false
150 2704 -352 2960 -352 0 2 0 5
I 2704 -912 2704 -368 0 0.5 5
w 848 -528 848 -912 0
I 848 -528 1216 -528 0 0.5 5
150 4112 -368 4272 -368 0 2 0 5
w 2704 -912 4112 -912 0
I 4112 -912 4112 -384 0 0.5 5
R -336 -144 -336 -192 0 0 40 5 0 0 0.5
s -336 -144 288 -144 0 1 true
R -336 0 -336 -48 0 0 40 5 0 0 0.5
s -336 0 160 0 0 1 true
I 5520 -912 5520 -384 0 0.5 5
w 4112 -912 5520 -912 0
150 5520 -368 5696 -368 0 2 0 5
w 4448 -528 4368 -528 0
193 5872 -560 5920 -560 6 0
I 6000 -528 6064 -528 0 0.5 5
I 5968 -448 5968 -496 0 0.5 5
I 5872 -448 5872 -496 0 0.5 5
R 5872 -448 5872 -400 0 0 40 5 0 0 0.5
R 5872 -560 5872 -608 0 0 40 5 0 0 0.5
R 6064 -560 6064 -608 0 0 40 5 0 0 0.5
R 6064 -448 6064 -400 0 0 40 5 0 0 0.5
I 6064 -448 6064 -496 0 0.5 5
I 6160 -448 6160 -496 0 0.5 5
193 6064 -560 6112 -560 6 0
w 6000 -560 6000 -672 0
w 6000 -672 6000 -752 0
w 6000 -752 6000 -848 0
w 6192 -688 6192 -880 0
w 6160 -448 6160 -384 0
w 5968 -448 5968 -384 0
w 6000 -528 6000 -560 0
w 6192 -688 6192 -656 0
w 6192 -656 6192 -560 0
w 5968 -560 6000 -560 0
w 5968 -384 6160 -384 0
w 6160 -560 6176 -560 0
w 6192 -560 6176 -560 0
w 5872 -528 5792 -528 0
w 640 704 624 704 0
w 608 704 624 704 0
w 416 880 608 880 0
w 416 704 448 704 0
w 640 608 640 704 0
w 640 576 640 608 0
w 448 736 448 704 0
w 416 816 416 880 0
w 608 816 608 880 0
w 448 704 448 592 0
193 512 704 560 704 6 5
I 608 816 608 768 0 0.5 5
I 512 816 512 768 0 0.5 5
R 512 816 512 864 0 0 40 5 0 0 0.5
R 512 704 512 656 0 0 40 5 0 0 0.5
R 320 704 320 656 0 0 40 5 0 0 0.5
R 320 816 320 864 0 0 40 5 0 0 0.5
I 320 816 320 768 0 0.5 5
I 416 816 416 768 0 0.5 5
I 448 736 512 736 0 0.5 5
193 320 704 368 704 6 0
w 640 576 912 576 0
w 848 -528 848 -176 0
150 848 -160 944 -160 0 2 0 5
152 2976 -352 2976 -528 0 2 0 5
152 1552 -496 1680 -496 0 2 5 5
152 4368 -352 4368 -528 0 2 0 5
w 4272 -368 4352 -352 0
152 5792 -352 5792 -448 0 2 0 5
w 5696 -368 5776 -352 0
w 944 -160 1536 -160 0
w 1536 -160 3008 -160 0
w 3008 -160 4368 -160 0
w 4368 -160 5792 -160 0
151 1536 432 1536 288 0 2 5 5
151 1600 432 1600 288 0 2 0 5
150 1568 256 1568 96 0 2 0 5
150 2992 -256 2992 -352 0 2 0 5
150 1552 -272 1552 -480 0 2 0 5
150 4384 -256 4384 -352 0 2 0 5
150 5808 -256 5808 -352 0 2 0 5
w 1536 -272 1536 -160 0
w 4368 -256 4368 -160 0
w 5792 -256 5792 -160 0
w 448 592 448 432 0
w 448 432 1360 432 0
w 1520 432 1552 432 0
w 912 576 1584 576 0
w 1584 512 1584 576 0
w 1552 256 1536 288 0
w 1584 256 1600 288 0
w 1568 -272 1568 96 0
150 5792 448 5792 288 0 2 0 5
150 5856 448 5856 288 0 2 5 5
w 5808 256 5792 288 0
w 5840 256 5856 288 0
w 5824 -256 5824 112 0
w 1584 432 1584 512 0
w 1360 432 1360 480 0
w 1360 480 1520 480 0
w 1520 432 1520 480 0
w 1584 432 1616 432 0
w 4352 560 5872 576 0
w 4512 464 5776 464 0
w 5776 448 5776 464 0
w 5776 448 5808 448 0
w 5872 448 5872 576 0
w 5840 448 5872 448 0
150 5824 256 5824 112 0 2 0 5
R 608 880 608 928 0 0 40 5 0 0 0.5
151 3008 432 3008 304 0 2 0 5
150 2944 432 2944 304 0 2 0 5
150 2976 256 2976 96 0 2 0 5
w 2976 -256 2976 96 0
w 1520 480 2864 464 0
w 2864 464 2896 464 0
w 3024 432 3056 560 0
w 1584 576 3056 560 0
w 2928 432 2896 464 0
w 2960 432 2928 432 0
w 2992 432 3024 432 0
w 2960 256 2944 304 0
w 2992 256 3008 304 0
w 3008 -256 3008 -160 0
w 4416 256 4432 304 0
w 4384 256 4368 304 0
w 4416 432 4448 432 0
w 4384 432 4352 432 0
w 4352 432 4352 560 0
w 4448 432 4512 464 0
w 4400 -256 4400 96 0
150 4400 256 4400 96 0 2 5 5
150 4368 432 4368 304 0 2 5 5
151 4432 432 4432 304 0 2 5 5
w 4512 464 2896 464 0
w 4352 560 3056 560 0
150 1856 -1168 2000 -1168 0 2 0 5
w 848 -912 848 -1152 0
w 1808 -1152 848 -1152 0
150 1856 -1104 2000 -1104 0 2 0 5
150 1856 -1040 2000 -1040 0 2 0 5
150 1856 -976 2000 -976 0 2 0 5
w 1808 -1152 1808 -1088 0
w 1808 -1088 1808 -1024 0
w 1808 -1024 1808 -960 0
w 1856 -960 1808 -960 0
w 1856 -1024 1808 -1024 0
w 1856 -1088 1808 -1088 0
w 1856 -1152 1808 -1152 0
w 848 -528 80 -528 0
w 848 -144 288 -144 0
w 160 0 176 736 0
w 176 736 320 736 0
w 1568 -272 1552 -1488 0
157 2784 -2032 2992 -2032 0 7 0 0
197 2224 -1136 2400 -1136 0
w -1056 -3056 -912 -3056 0
R -576 -2848 -576 -2800 0 0 40 5 0 0 0.5
193 -912 -3088 -864 -3088 6 0
I -784 -3056 -720 -3056 0 0.5 5
I -816 -2976 -816 -3024 0 0.5 5
I -912 -2976 -912 -3024 0 0.5 5
R -912 -2976 -912 -2928 0 0 40 5 0 0 0.5
R -912 -3088 -912 -3136 0 0 40 5 0 0 0.5
R -720 -3088 -720 -3136 0 0 40 5 0 0 0.5
R -720 -2976 -720 -2928 0 0 40 5 0 0 0.5
I -720 -2976 -720 -3024 0 0.5 5
I -624 -2976 -624 -3024 0 0.5 5
193 -720 -3088 -672 -3088 6 0
w -784 -3088 -784 -3200 0
w -624 -2976 -624 -2912 0
w -816 -2976 -816 -2912 0
w -784 -3056 -784 -3088 0
w -560 -3184 -592 -3184 0
w -592 -3184 -592 -3088 0
w -816 -3088 -784 -3088 0
w -816 -2912 -624 -2912 0
w -624 -3088 -608 -3088 0
w -592 -3088 -608 -3088 0
150 -544 -3104 -544 -2912 0 2 0 5
w -560 -3104 -560 -3184 0
w -784 -3200 -528 -3200 0
w -528 -3200 -528 -3104 0
w -576 -2880 -544 -2912 0
w -816 -2912 -672 -2864 0
151 -576 -2864 -672 -2864 0 2 5 5
151 -448 -3184 -304 -3184 0 2 5 5
151 -448 -3024 -320 -3024 0 2 5 5
151 -448 -2768 -320 -2768 0 2 5 5
150 -448 -2832 -320 -2832 0 2 0 5
150 -448 -2960 -320 -2960 0 2 0 5
w -528 -3200 -448 -3200 0
w -560 -3184 -448 -3168 0
w -448 -3040 -448 -3008 0
w -560 -3184 -448 -3040 0
w -448 -2976 -448 -2944 0
w -528 -3200 -448 -2976 0
w -528 -3200 -448 -2752 0
w -448 -2784 -448 -2752 0
w -560 -3184 -448 -2848 0
w -448 -2848 -448 -2816 0
152 -288 -2992 -96 -2992 0 2 5 5
152 -288 -2800 -208 -2800 0 2 5 5
w -320 -3024 -288 -3008 0
w -320 -2960 -288 -2976 0
w -320 -2832 -288 -2816 0
w -320 -2768 -288 -2784 0
s -336 -1600 96 -1600 0 1 true
w 912 -1856 944 -1856 0
R 816 -1856 816 -1904 0 0 40 5 0 0 0.5
I 816 -1744 816 -1792 0 0.5 5
I 912 -1744 912 -1792 0 0.5 5
193 816 -1856 864 -1856 6 0
w 672 -1824 816 -1824 0
R 864 -1744 864 -1696 0 0 40 5 0 0 0.5
w 816 -1744 864 -1744 0
w 864 -1744 912 -1744 0
w 944 -1856 1216 -1856 0
I 1216 -1856 1216 -1920 0 0.5 5
150 2416 -1168 2416 -1232 0 2 5 5
150 2480 -1168 2480 -1232 0 2 0 5
150 2544 -1168 2544 -1232 0 2 5 5
150 2608 -1168 2608 -1232 0 2 5 5
150 2672 -1168 2672 -1232 0 2 0 5
150 2736 -1168 2736 -1232 0 2 5 5
150 2800 -1168 2800 -1232 0 2 5 5
w 2928 -1280 2928 -960 0
w 2928 -960 2816 -960 0
w 2816 -960 2752 -960 0
w 2432 -1168 2432 -960 0
w 2496 -1168 2496 -960 0
w 2560 -1168 2560 -960 0
w 2624 -1168 2624 -960 0
w 2688 -1168 2688 -960 0
w 2752 -1168 2752 -960 0
w 2816 -1168 2816 -960 0
w 2752 -960 2688 -960 0
w 2688 -960 2624 -960 0
w 2624 -960 2560 -960 0
w 2560 -960 2496 -960 0
w 2496 -960 2432 -960 0
w 2352 -1136 2400 -1168 0
w 2352 -1104 2464 -1168 0
w 2352 -1072 2528 -1168 0
w 2352 -1040 2592 -1168 0
w 2352 -1008 2656 -1168 0
w 2352 -976 2720 -1168 0
w 2352 -944 2784 -1168 0
152 1856 -2208 1936 -2208 0 2 5 5
152 1856 -2144 1936 -2144 0 2 0 5
152 1856 -2080 1936 -2080 0 2 5 5
152 1856 -2016 1936 -2016 0 2 5 5
152 1856 -1952 1936 -1952 0 2 0 5
152 1856 -1824 1936 -1824 0 2 5 5
152 1856 -1888 1936 -1888 0 2 5 5
w 2416 -1232 2416 -1360 0
w 2480 -1232 2480 -1376 0
w 2544 -1232 2544 -1408 0
w 2608 -1232 2608 -1440 0
w 2672 -1232 2672 -1488 0
w 2736 -1232 2736 -1520 0
w 2800 -1232 2800 -1568 0
w 1856 -2224 1616 -2224 0
w 1856 -2160 1632 -2160 0
w 1856 -2096 1648 -2096 0
w 1856 -2032 1664 -2032 0
w 1856 -1968 1696 -1968 0
w 1856 -1904 1728 -1904 0
w 1856 -1840 1760 -1840 0
w 1824 -2128 1856 -2128 0
w 1792 -2064 1856 -2064 0
w 1760 -2000 1856 -2000 0
w 1728 -1936 1856 -1936 0
w 1856 -1872 1680 -1872 0
w 1600 -1808 1856 -1808 0
w 1936 -2208 2784 -2032 0
w 1936 -2144 2784 -2000 0
w 1936 -2080 2784 -1968 0
w 1936 -2016 2784 -1936 0
w 1936 -1952 2848 -1904 0
w 1936 -1888 2880 -1904 0
w 1936 -1824 2912 -1904 0
s -1376 -3056 -1056 -3056 0 1 true
R -336 -1600 -336 -1648 0 0 40 5 0 0 0.5
R -1376 -3056 -1376 -3104 0 0 40 5 0 0 0.5
152 2048 -976 2176 -976 0 2 5 5
152 2048 -1168 2176 -1168 0 2 0 5
152 2048 -1104 2176 -1104 0 2 5 5
152 2048 -1040 2176 -1040 0 2 0 5
w 2048 -1184 2000 -1168 0
w 2048 -1120 2000 -1104 0
w 2048 -1056 2000 -1040 0
w 2048 -992 2000 -976 0
w 2176 -976 2224 -1040 0
w 2176 -1040 2224 -1072 0
w 2176 -1104 2224 -1104 0
w 2176 -1168 2224 -1136 0
164 1760 -496 1904 -496 0 4 0 5 0 5 false 0
w 1680 -496 1760 -496 0
w 2048 -1152 1968 -1152 0
w 1968 -1152 1968 -496 0
w 2048 -1088 1984 -1088 0
w 1984 -1088 1984 -464 0
w 2048 -1024 2000 -1024 0
w 2000 -1024 2000 -432 0
w 2048 -960 2016 -960 0
w 2016 -960 2016 -400 0
w 1856 -496 1968 -496 0
w 1872 -464 1984 -464 0
w 1888 -432 2000 -432 0
w 1904 -400 2016 -400 0
w 1856 -496 1856 -560 0
w 1856 -560 1680 -560 0
w 1680 -560 1680 -1184 0
w 1856 -1184 1680 -1184 0
w 1856 -464 1872 -464 0
w 1872 -464 1872 -576 0
w 1872 -576 1696 -576 0
w 1696 -576 1696 -1120 0
w 1856 -1120 1696 -1120 0
w 1856 -432 1888 -432 0
w 1888 -432 1888 -592 0
w 1888 -592 1712 -592 0
w 1712 -592 1712 -1056 0
w 1856 -1056 1712 -1056 0
w 1856 -400 1904 -400 0
w 1904 -400 1904 -608 0
w 1904 -608 1728 -608 0
w 1728 -608 1728 -992 0
w 1856 -992 1728 -992 0
151 2048 -336 1936 -336 0 2 0 5
150 2048 -256 1952 -256 0 2 0 5
150 1856 -288 1760 -288 0 2 0 5
w 1760 -400 1760 -288 0
w 1968 -496 2112 -496 0
w 2000 -432 2096 -432 0
w 2048 -320 2080 -320 0
w 1984 -464 2048 -464 0
w 2048 -272 2096 -272 0
w 2016 -400 2080 -400 0
w 2048 -240 2112 -240 0
w 1856 -304 1936 -336 0
w 1856 -272 1952 -256 0
w 1760 -288 1760 -208 0
w 1760 -208 2704 -208 0
w 2704 -336 2704 -208 0
w 2048 -464 2048 -352 0
w 2080 -400 2080 -320 0
w 2096 -432 2096 -272 0
w 2112 -496 2112 -240 0
164 3056 -544 3152 -544 0 3 0 5 0 false 0
w 2976 -528 3056 -544 0
w 3216 -1008 3088 -1008 0
w 3088 -624 3088 -1008 0
w 3216 -1072 3072 -1072 0
w 3072 -608 3072 -1072 0
w 3216 -1136 3056 -1136 0
w 3056 -592 3056 -1136 0
w 3376 -976 3376 -480 0
w 3408 -976 3376 -976 0
w 3360 -1040 3360 -512 0
w 3408 -1040 3360 -1040 0
w 3344 -1104 3344 -544 0
w 3408 -1104 3344 -1104 0
w 3536 -1120 3584 -1120 0
w 3536 -1056 3584 -1088 0
w 3536 -992 3584 -1056 0
w 3408 -1008 3360 -992 0
w 3408 -1072 3360 -1056 0
w 3408 -1136 3360 -1120 0
152 3408 -1056 3536 -1056 0 2 5 5
152 3408 -1120 3536 -1120 0 2 0 5
152 3408 -992 3536 -992 0 2 0 5
w 3296 -1840 4272 -1920 0
w 3296 -1904 4240 -1920 0
w 3296 -1968 4208 -1920 0
w 3296 -2032 4144 -1952 0
w 3296 -2096 4144 -1984 0
w 3296 -2160 4144 -2016 0
w 3296 -2224 4144 -2048 0
w 3040 -1824 3216 -1824 0
w 3216 -1888 3072 -1888 0
w 3088 -1952 3216 -1952 0
w 3120 -2016 3216 -2016 0
w 3152 -2080 3216 -2080 0
w 3184 -2144 3216 -2144 0
w 3120 -1856 3120 -1584 0
w 4160 -1584 3120 -1584 0
w 4096 -1536 3088 -1536 0
w 3088 -1920 3088 -1536 0
w 3056 -1984 3056 -1504 0
w 4032 -1504 3056 -1504 0
w 3024 -2048 3024 -1456 0
w 3968 -1456 3024 -1456 0
w 3904 -1424 3008 -1424 0
w 3008 -2112 3008 -1424 0
w 2992 -2176 2992 -1392 0
w 3840 -1392 2992 -1392 0
w 3216 -1856 3120 -1856 0
w 3216 -1920 3088 -1920 0
w 3216 -1984 3056 -1984 0
w 3216 -2048 3024 -2048 0
w 3216 -2112 3008 -2112 0
w 3216 -2176 2992 -2176 0
w 3216 -2240 2976 -2240 0
w 2976 -1376 2976 -2240 0
w 3776 -1376 2976 -1376 0
w 4160 -1248 4160 -1584 0
w 4096 -1248 4096 -1536 0
w 4032 -1248 4032 -1504 0
w 3968 -1248 3968 -1456 0
w 3904 -1248 3904 -1424 0
w 3840 -1248 3840 -1392 0
w 3776 -1248 3776 -1376 0
152 3216 -1904 3296 -1904 0 2 0 5
152 3216 -1840 3296 -1840 0 2 5 5
152 3216 -1968 3296 -1968 0 2 5 5
152 3216 -2032 3296 -2032 0 2 5 5
152 3216 -2096 3296 -2096 0 2 0 5
152 3216 -2160 3296 -2160 0 2 5 5
152 3216 -2224 3296 -2224 0 2 5 5
w 3712 -960 4144 -1184 0
w 3712 -992 4080 -1184 0
w 3712 -1024 4016 -1184 0
w 3712 -1056 3952 -1184 0
w 3712 -1088 3888 -1184 0
w 3712 -1120 3824 -1184 0
w 3712 -1152 3760 -1184 0
w 3856 -976 3792 -976 0
w 3920 -976 3856 -976 0
w 3984 -976 3920 -976 0
w 4048 -976 3984 -976 0
w 4112 -976 4048 -976 0
w 4176 -1184 4176 -976 0
w 4112 -1184 4112 -976 0
w 4048 -1184 4048 -976 0
w 3984 -1184 3984 -976 0
w 3920 -1184 3920 -976 0
w 3856 -1184 3856 -976 0
w 3792 -1184 3792 -976 0
w 4176 -976 4112 -976 0
w 4208 -976 4176 -976 0
150 4160 -1184 4160 -1248 0 2 5 5
150 4096 -1184 4096 -1248 0 2 0 5
150 4032 -1184 4032 -1248 0 2 5 5
150 3968 -1184 3968 -1248 0 2 5 5
150 3904 -1184 3904 -1248 0 2 0 5
150 3840 -1184 3840 -1248 0 2 5 5
150 3776 -1184 3776 -1248 0 2 5 5
197 3584 -1152 3760 -1152 0
157 4144 -2048 4352 -2048 0 7 0 0
w 3216 -1104 3168 -1104 0
w 3216 -1040 3168 -1040 0
w 3216 -976 3168 -976 0
w 3168 -1040 3168 -976 0
w 3168 -1104 3168 -1040 0
w 3168 -1168 3168 -1104 0
150 3216 -992 3360 -992 0 2 0 5
150 3216 -1056 3360 -1056 0 2 0 5
150 3216 -1120 3360 -1120 0 2 0 5
w 3168 -1168 2208 -1168 0
w 1808 -1152 2208 -1168 0
w 3088 -624 3216 -624 0
w 3216 -624 3216 -480 0
w 3152 -480 3216 -480 0
w 3072 -608 3200 -608 0
w 3200 -608 3200 -512 0
w 3152 -512 3200 -512 0
w 3056 -592 3184 -592 0
w 3184 -592 3184 -544 0
w 3184 -544 3152 -544 0
w 3216 -480 3376 -480 0
w 3200 -512 3360 -512 0
w 3184 -544 3344 -544 0
151 3328 -400 3216 -400 0 2 5 5
150 3328 -336 3216 -336 0 2 0 5
w 3376 -480 3328 -416 0
w 3328 -416 3328 -384 0
w 3344 -544 3344 -352 0
w 3328 -352 3344 -352 0
w 3360 -512 3360 -320 0
w 3328 -320 3360 -320 0
150 3184 -368 3088 -368 0 2 0 5
w 3184 -384 3216 -400 0
w 3184 -352 3216 -336 0
w 3088 -368 3088 -208 0
w 3088 -208 4112 -208 0
w 4112 -352 4112 -208 0
w 3056 -480 3056 -368 0
w 3056 -368 3088 -368 0
w 4880 -528 4880 -272 0
w 4864 -464 4864 -304 0
w 4848 -432 4848 -352 0
w 4816 -496 4816 -384 0
w 4592 -176 5520 -176 0
w 4688 -320 4720 -288 0
w 4688 -352 4704 -368 0
w 4816 -272 4880 -272 0
w 4768 -432 4848 -432 0
w 4816 -304 4864 -304 0
w 4736 -496 4816 -496 0
w 4816 -352 4848 -352 0
w 4752 -464 4864 -464 0
w 4720 -528 4880 -528 0
150 4688 -336 4592 -336 0 2 0 5
150 4816 -288 4720 -288 0 2 0 5
151 4816 -368 4704 -368 0 2 5 5
w 4672 -640 4480 -640 0
w 4672 -432 4672 -640 0
w 4624 -432 4672 -432 0
w 4656 -624 4464 -624 0
w 4656 -464 4656 -624 0
w 4624 -464 4656 -464 0
w 4640 -608 4448 -608 0
w 4640 -496 4640 -608 0
w 4624 -496 4640 -496 0
w 4624 -592 4432 -592 0
w 4624 -528 4624 -592 0
w 4672 -432 4768 -432 0
w 4656 -464 4752 -464 0
w 4640 -496 4736 -496 0
w 4624 -528 4720 -528 0
w 4448 -528 4528 -528 0
164 4528 -528 4672 -528 0 4 5 0 0 0 false 0
w 5520 -352 5520 -176 0
w 4608 -1024 4480 -1024 0
w 4480 -640 4480 -1024 0
w 4608 -1088 4464 -1088 0
w 4464 -624 4464 -1088 0
w 4608 -1152 4448 -1152 0
w 4448 -608 4448 -1152 0
w 4608 -1216 4432 -1216 0
w 4432 -592 4432 -1216 0
w 4800 -992 4768 -992 0
w 4800 -1056 4752 -1056 0
w 4800 -1120 4736 -1120 0
w 4800 -1184 4720 -1184 0
w 4928 -1200 4976 -1168 0
w 4928 -1136 4976 -1136 0
w 4928 -1072 4976 -1104 0
w 4928 -1008 4976 -1072 0
w 4800 -1024 4752 -1008 0
w 4800 -1088 4752 -1072 0
w 4800 -1152 4752 -1136 0
w 4800 -1216 4752 -1200 0
152 4800 -1072 4928 -1072 0 2 0 5
152 4800 -1136 4928 -1136 0 2 0 5
152 4800 -1200 4928 -1200 0 2 5 5
152 4800 -1008 4928 -1008 0 2 0 5
w 4688 -1856 5664 -1936 0
w 4688 -1920 5632 -1936 0
w 4688 -1984 5600 -1936 0
w 4688 -2048 5536 -1968 0
w 4688 -2112 5536 -2000 0
w 4688 -2176 5536 -2032 0
w 4688 -2240 5536 -2064 0
w 4432 -1840 4608 -1840 0
w 4608 -1904 4464 -1904 0
w 4480 -1968 4608 -1968 0
w 4512 -2032 4608 -2032 0
w 4544 -2096 4608 -2096 0
w 4576 -2160 4608 -2160 0
w 4512 -1872 4512 -1600 0
w 5552 -1600 4512 -1600 0
w 5488 -1552 4480 -1552 0
w 4480 -1936 4480 -1552 0
w 4448 -2000 4448 -1520 0
w 5424 -1520 4448 -1520 0
w 4416 -2064 4416 -1472 0
w 5360 -1472 4416 -1472 0
w 5296 -1440 4400 -1440 0
w 4400 -2128 4400 -1440 0
w 4384 -2192 4384 -1408 0
w 5232 -1408 4384 -1408 0
w 4608 -1872 4512 -1872 0
w 4608 -1936 4480 -1936 0
w 4608 -2000 4448 -2000 0
w 4608 -2064 4416 -2064 0
w 4608 -2128 4400 -2128 0
w 4608 -2192 4384 -2192 0
w 4608 -2256 4368 -2256 0
w 4368 -1392 4368 -2256 0
w 5168 -1392 4368 -1392 0
w 5552 -1264 5552 -1600 0
w 5488 -1264 5488 -1552 0
w 5424 -1264 5424 -1520 0
w 5360 -1264 5360 -1472 0
w 5296 -1264 5296 -1440 0
w 5232 -1264 5232 -1408 0
w 5168 -1264 5168 -1392 0
152 4608 -1920 4688 -1920 0 2 5 5
152 4608 -1856 4688 -1856 0 2 5 5
152 4608 -1984 4688 -1984 0 2 5 5
152 4608 -2048 4688 -2048 0 2 5 5
152 4608 -2112 4688 -2112 0 2 5 5
152 4608 -2176 4688 -2176 0 2 5 5
152 4608 -2240 4688 -2240 0 2 5 5
w 5104 -976 5536 -1200 0
w 5104 -1008 5472 -1200 0
w 5104 -1040 5408 -1200 0
w 5104 -1072 5344 -1200 0
w 5104 -1104 5280 -1200 0
w 5104 -1136 5216 -1200 0
w 5104 -1168 5152 -1200 0
w 5248 -992 5184 -992 0
w 5312 -992 5248 -992 0
w 5376 -992 5312 -992 0
w 5440 -992 5376 -992 0
w 5504 -992 5440 -992 0
w 5568 -1200 5568 -992 0
w 5504 -1200 5504 -992 0
w 5440 -1200 5440 -992 0
w 5376 -1200 5376 -992 0
w 5312 -1200 5312 -992 0
w 5248 -1200 5248 -992 0
w 5184 -1200 5184 -992 0
w 5568 -992 5504 -992 0
w 5680 -992 5568 -992 0
w 5680 -1328 5680 -992 0
150 5552 -1200 5552 -1264 0 2 5 5
150 5488 -1200 5488 -1264 0 2 5 5
150 5424 -1200 5424 -1264 0 2 5 5
150 5360 -1200 5360 -1264 0 2 5 5
150 5296 -1200 5296 -1264 0 2 5 5
150 5232 -1200 5232 -1264 0 2 5 5
150 5168 -1200 5168 -1264 0 2 5 5
197 4976 -1168 5152 -1168 0
157 5536 -2064 5744 -2064 0 7 0 0
w 4608 -1184 4560 -1184 0
w 4608 -1120 4560 -1120 0
w 4608 -1056 4560 -1056 0
w 4608 -992 4560 -992 0
w 4560 -1056 4560 -992 0
w 4560 -1120 4560 -1056 0
w 4560 -1184 4560 -1120 0
150 4608 -1008 4752 -1008 0 2 0 5
150 4608 -1072 4752 -1072 0 2 0 5
150 4608 -1136 4752 -1136 0 2 0 5
150 4608 -1200 4752 -1200 0 2 0 5
w 4720 -1184 4720 -528 0
w 4736 -1120 4736 -496 0
w 4752 -1056 4752 -464 0
w 4768 -992 4768 -432 0
w 4880 -528 4880 -880 0
w 4816 -496 4896 -496 0
w 4896 -496 4912 -864 0
w 4864 -464 4912 -464 0
w 4912 -464 4944 -848 0
w 4848 -432 4928 -432 0
w 4928 -432 4976 -832 0
w 4592 -336 4544 -336 0
w 4512 -336 4512 -208 0
152 4528 -336 4528 -432 0 2 0 5
w 5232 -208 6112 -208 0
I 6160 -336 6160 -384 0 0.5 5
w 6160 -272 6160 -336 0
w 6160 -272 6160 -208 0
w 6112 -208 6160 -208 0
150 5088 -816 5088 -704 0 2 0 5
150 5120 -688 5120 -608 0 2 0 5
151 5152 -816 5152 -704 0 2 5 5
w 5088 -704 5104 -688 0
w 5152 -704 5136 -688 0
w 4880 -880 5168 -880 0
w 4944 -848 5136 -848 0
w 4976 -832 5072 -832 0
w 4912 -864 5104 -864 0
w 5104 -864 5104 -816 0
w 5072 -832 5072 -816 0
w 5136 -848 5136 -816 0
w 5168 -880 5168 -816 0
w 5312 -880 6192 -880 0
w 5376 -848 6000 -848 0
151 5376 -816 5376 -704 0 2 5 5
w 5312 -880 5296 -816 0
w 5312 -880 5328 -816 0
w 5392 -816 5376 -848 0
w 5376 -848 5360 -816 0
150 5312 -816 5312 -704 0 2 0 5
150 5344 -688 5344 -608 0 2 0 5
w 5376 -704 5360 -688 0
w 5312 -704 5328 -688 0
150 5616 -528 5792 -528 0 2 0 5
w 5792 -448 5616 -448 0
w 5616 -512 5616 -448 0
I 5552 -544 5616 -544 0 0.5 5
w 5344 -608 5344 -544 0
w 5344 -544 5552 -544 0
150 5232 -496 5232 -416 0 2 0 5
w 5344 -544 5248 -544 0
w 5216 -544 5216 -496 0
w 5120 -608 5120 -544 0
w 5120 -544 5216 -544 0
w 5248 -544 5248 -496 0
w 5232 -208 4512 -208 0
w 5232 -416 5232 -208 0
w 4592 -336 4592 -176 0
w 6368 -1024 6368 -688 0
w 6352 -1088 6352 -560 0
150 6208 -1104 6352 -1104 0 2 0 5
150 6208 -1040 6352 -1040 0 2 0 5
w 6160 -1152 6160 -1088 0
w 6160 -1088 6160 -1024 0
w 6208 -1024 6160 -1024 0
w 6208 -1088 6160 -1088 0
157 7136 -2096 7344 -2096 0 7 0 0
197 6576 -1200 6752 -1200 0
150 6768 -1232 6768 -1296 0 2 5 5
150 6832 -1232 6832 -1296 0 2 5 5
150 6896 -1232 6896 -1296 0 2 5 5
150 6960 -1232 6960 -1296 0 2 5 5
150 7024 -1232 7024 -1296 0 2 5 5
150 7088 -1232 7088 -1296 0 2 5 5
150 7152 -1232 7152 -1296 0 2 0 5
w 7280 -1312 7280 -1024 0
w 7280 -1024 7168 -1024 0
w 7168 -1024 7104 -1024 0
w 6784 -1232 6784 -1024 0
w 6848 -1232 6848 -1024 0
w 6912 -1232 6912 -1024 0
w 6976 -1232 6976 -1024 0
w 7040 -1232 7040 -1024 0
w 7104 -1232 7104 -1024 0
w 7168 -1232 7168 -1024 0
w 7104 -1024 7040 -1024 0
w 7040 -1024 6976 -1024 0
w 6976 -1024 6912 -1024 0
w 6912 -1024 6848 -1024 0
w 6848 -1024 6784 -1024 0
w 6704 -1200 6752 -1232 0
w 6704 -1168 6816 -1232 0
w 6704 -1136 6880 -1232 0
w 6704 -1104 6944 -1232 0
w 6704 -1072 7008 -1232 0
w 6704 -1040 7072 -1232 0
w 6704 -1008 7136 -1232 0
152 6208 -2272 6288 -2272 0 2 5 5
152 6208 -2208 6288 -2208 0 2 5 5
152 6208 -2144 6288 -2144 0 2 5 5
152 6208 -2080 6288 -2080 0 2 5 5
152 6208 -2016 6288 -2016 0 2 5 5
152 6208 -1888 6288 -1888 0 2 0 5
152 6208 -1952 6288 -1952 0 2 5 5
w 6768 -1296 6768 -1424 0
w 6832 -1296 6832 -1440 0
w 6896 -1296 6896 -1472 0
w 6960 -1296 6960 -1504 0
w 7024 -1296 7024 -1552 0
w 7088 -1296 7088 -1584 0
w 7152 -1296 7152 -1632 0
w 6768 -1424 5968 -1424 0
w 5968 -1424 5968 -2288 0
w 6208 -2288 5968 -2288 0
w 6208 -2224 5984 -2224 0
w 6208 -2160 6000 -2160 0
w 6208 -2096 6016 -2096 0
w 6208 -2032 6048 -2032 0
w 6208 -1968 6080 -1968 0
w 6208 -1904 6112 -1904 0
w 6832 -1440 5984 -1440 0
w 5984 -2224 5984 -1440 0
w 6000 -2160 6000 -1472 0
w 6896 -1472 6000 -1472 0
w 6960 -1504 6016 -1504 0
w 6016 -2096 6016 -1504 0
w 7024 -1552 6048 -1552 0
w 6048 -2032 6048 -1552 0
w 6080 -1968 6080 -1584 0
w 7088 -1584 6080 -1584 0
w 7152 -1632 6112 -1632 0
w 6112 -1904 6112 -1632 0
w 6176 -2192 6208 -2192 0
w 6144 -2128 6208 -2128 0
w 6112 -2064 6208 -2064 0
w 6080 -2000 6208 -2000 0
w 6208 -1936 6064 -1936 0
w 6032 -1872 6208 -1872 0
w 6288 -2272 7136 -2096 0
w 6288 -2208 7136 -2064 0
w 6288 -2144 7136 -2032 0
w 6288 -2080 7136 -2000 0
w 6288 -2016 7200 -1968 0
w 6288 -1952 7232 -1968 0
w 6288 -1888 7264 -1968 0
152 6400 -1040 6528 -1040 0 2 0 5
152 6400 -1104 6528 -1104 0 2 0 5
w 6400 -1120 6352 -1104 0
w 6400 -1056 6352 -1040 0
w 6528 -1040 6576 -1104 0
w 6528 -1104 6576 -1136 0
w 6400 -1088 6352 -1088 0
w 6400 -1024 6368 -1024 0
w 6064 -656 6064 -1120 0
w 6208 -1120 6064 -1120 0
w 6016 -688 6016 -1056 0
w 6208 -1056 6016 -1056 0
w 6016 -560 6016 -688 0
w 6160 -560 6160 -656 0
w 3168 -1168 4560 -1184 0
w 4560 -1184 6160 -1152 0
w 6064 -656 6160 -656 0
w 6000 -560 6016 -560 0
w 6192 -560 6352 -560 0
w 6016 -688 6368 -688 0
150 672 -1600 672 -1824 0 2 0 5
w 96 -1600 656 -1600 0
w 688 -1600 688 -1152 0
w 688 -1152 848 -1152 0
w 1408 -528 1328 -544 0
w 1216 -528 1328 -544 0
w 1216 -1920 1216 -2832 0
w 2976 -256 2960 -1584 0
w 4400 -256 4352 -1600 0
w 5824 -256 5808 -1600 0
w 6224 -3568 6320 -3568 0
w 6288 -3440 6304 -3440 0
w 5952 -3440 5968 -3440 0
w 5968 -3440 5968 -3568 0
w 6304 -4016 6528 -4016 0
w 6320 -3984 6528 -3984 0
197 6528 -4080 6704 -4080 0
w 6304 -4016 6304 -3440 0
w 6320 -3984 6320 -3568 0
w 4544 -3216 4480 -3216 0
w 4720 -3952 4720 -3312 0
w 4704 -3984 4704 -3344 0
w 4688 -4016 4688 -3376 0
w 4672 -4048 4672 -3408 0
197 4928 -4048 5104 -4048 0
w 4720 -3952 4928 -3952 0
w 4704 -3984 4928 -3984 0
w 4688 -4016 4928 -4016 0
w 4672 -4048 4928 -4048 0
164 4480 -3408 4624 -3408 0 4 0 5 0 0 false 0
w 4400 -3408 4480 -3408 0
w 4576 -3408 4672 -3408 0
w 4592 -3376 4688 -3376 0
w 4608 -3344 4704 -3344 0
w 4624 -3312 4720 -3312 0
w 4576 -3376 4592 -3376 0
w 4576 -3344 4608 -3344 0
w 4576 -3312 4624 -3312 0
151 4768 -3248 4656 -3248 0 2 5 5
150 4768 -3168 4672 -3168 0 2 0 5
150 4640 -3216 4544 -3216 0 2 0 5
w 4672 -3408 4832 -3408 0
w 4704 -3344 4816 -3344 0
w 4768 -3232 4800 -3232 0
w 4688 -3376 4768 -3376 0
w 4768 -3184 4816 -3184 0
w 4720 -3312 4800 -3312 0
w 4768 -3152 4832 -3152 0
w 4640 -3232 4656 -3248 0
w 4640 -3200 4672 -3168 0
w 4768 -3376 4768 -3264 0
w 4800 -3312 4800 -3232 0
w 4816 -3344 4816 -3184 0
w 4832 -3408 4832 -3152 0
w 3008 -3248 3040 -3248 0
w 3008 -3360 3008 -3248 0
w 3136 -3232 3168 -3216 0
w 3136 -3264 3168 -3280 0
150 3136 -3248 3040 -3248 0 2 0 5
w 3280 -3200 3312 -3200 0
w 3312 -3392 3312 -3200 0
w 3280 -3232 3296 -3232 0
w 3296 -3424 3296 -3232 0
w 3280 -3296 3280 -3264 0
w 3328 -3360 3280 -3296 0
150 3280 -3216 3168 -3216 0 2 0 5
151 3280 -3280 3168 -3280 0 2 5 5
w 3136 -3424 3296 -3424 0
w 3152 -3392 3312 -3392 0
w 3168 -3360 3328 -3360 0
w 3136 -3424 3104 -3424 0
w 3104 -3392 3152 -3392 0
w 3104 -3360 3168 -3360 0
197 3536 -4032 3712 -4032 0
w 3328 -3936 3536 -3936 0
w 3312 -3968 3536 -3968 0
w 3296 -4000 3536 -4000 0
w 3296 -4000 3296 -3424 0
w 3312 -3968 3312 -3392 0
w 3328 -3936 3328 -3360 0
w 2944 -3424 3008 -3424 0
164 3008 -3424 3104 -3424 0 3 0 5 0 false 0
w 2064 -3376 2064 -3120 0
w 2048 -3312 2048 -3152 0
w 2032 -3280 2032 -3200 0
w 2000 -3344 2000 -3232 0
w 1808 -3152 1904 -3136 0
w 1808 -3184 1888 -3216 0
w 1968 -3280 2032 -3280 0
w 2000 -3152 2048 -3152 0
w 1936 -3344 2000 -3344 0
w 2000 -3200 2032 -3200 0
w 1952 -3312 2048 -3312 0
w 1920 -3376 2064 -3376 0
w 1712 -3280 1712 -3168 0
150 1808 -3168 1712 -3168 0 2 0 5
150 2000 -3136 1904 -3136 0 2 0 5
151 2000 -3216 1888 -3216 0 2 0 5
w 1808 -3280 1856 -3280 0
w 1808 -3312 1840 -3312 0
w 1808 -3344 1824 -3344 0
w 1856 -3280 1968 -3280 0
w 1840 -3312 1952 -3312 0
w 1824 -3344 1936 -3344 0
w 1808 -3376 1920 -3376 0
w 1968 -3840 1968 -3280 0
w 1968 -3920 1968 -3840 0
w 1952 -3904 1952 -3312 0
w 1952 -3952 1952 -3904 0
w 1936 -3984 1936 -3344 0
w 2000 -3984 1936 -3984 0
w 1920 -4016 1920 -3376 0
w 2000 -4016 1920 -4016 0
w 1504 -3360 1712 -3376 0
164 1712 -3376 1856 -3376 0 4 0 5 0 5 false 0
w 2000 -4016 2176 -4016 0
w 2000 -3984 2176 -3984 0
w 1952 -3952 2176 -3952 0
w 1968 -3920 2176 -3920 0
197 2176 -4016 2352 -4016 0
w 4352 -3136 4352 -2992 0
w 2960 -3136 2960 -3040 0
w 5776 -3136 5776 -3008 0
w 1520 -3152 1552 -2896 0
w 5744 -3136 5744 -3040 0
w 4320 -3136 4320 -3040 0
w 1488 -3152 1488 -3040 0
150 5760 -3136 5760 -3232 0 2 0 5
150 4336 -3136 4336 -3232 0 2 0 5
150 1504 -3152 1504 -3360 0 2 0 5
150 2944 -3136 2944 -3232 0 2 0 5
w 5824 -3408 5760 -3408 0
w 6144 -3440 6128 -3440 0
w 6112 -3440 6128 -3440 0
w 5920 -3264 6016 -3264 0
w 5920 -3440 5952 -3440 0
w 5952 -3408 5952 -3440 0
w 5920 -3328 5920 -3264 0
w 6112 -3328 6112 -3264 0
193 6016 -3440 6064 -3440 6 0
I 6112 -3328 6112 -3376 0 0.5 5
I 6016 -3328 6016 -3376 0 0.5 5
R 6016 -3328 6016 -3280 0 0 40 5 0 0 0.5
R 6016 -3440 6016 -3488 0 0 40 5 0 0 0.5
R 5824 -3440 5824 -3488 0 0 40 5 0 0 0.5
R 5824 -3328 5824 -3280 0 0 40 5 0 0 0.5
I 5824 -3328 5824 -3376 0 0.5 5
I 5920 -3328 5920 -3376 0 0.5 5
I 5952 -3408 6016 -3408 0 0.5 5
193 5824 -3440 5872 -3440 6 0
w 4400 -3408 4336 -3408 0
w 4320 -3040 5744 -3040 0
w 2960 -3040 4320 -3040 0
w 2000 -3120 2064 -3120 0
w 1488 -3040 2960 -3040 0
w 1488 -3040 1536 -272 0
w 1216 -2832 1440 -2832 0
150 2208 -3024 2208 -2944 0 2 0 5
150 2272 -3024 2272 -2944 0 2 0 5
150 2336 -3024 2336 -2944 0 2 0 5
150 2400 -3024 2400 -2944 0 2 0 5
150 2464 -3024 2464 -2944 0 2 0 5
150 2528 -3024 2528 -2944 0 2 0 5
150 2592 -3024 2592 -2944 0 2 0 5
w 2304 -4016 2192 -3024 0
w 2304 -3984 2256 -3024 0
w 2304 -3952 2320 -3024 0
w 2304 -3920 2384 -3024 0
w 2304 -3888 2448 -3024 0
w 2304 -3856 2512 -3024 0
w 2304 -3824 2576 -3024 0
w 2608 -3024 2608 -3328 0
w 2544 -3024 2544 -3328 0
w 2480 -3024 2480 -3328 0
w 2416 -3024 2416 -3328 0
w 2352 -3024 2352 -3328 0
w 2288 -3024 2288 -3328 0
w 2224 -3024 2240 -3328 0
w 2240 -3328 2288 -3328 0
w 2288 -3328 2352 -3328 0
w 2352 -3328 2416 -3328 0
w 2416 -3328 2480 -3328 0
w 2480 -3328 2544 -3328 0
w 2544 -3328 2608 -3328 0
R 1648 -2864 1616 -2864 4 5 1000 5 0 0 0.5
w 1648 -2896 1552 -2896 0
w 3040 -2976 2944 -2976 0
R 3040 -2944 3008 -2944 4 5 1000 5 0 0 0.5
w 2928 -3136 2928 -2976 0
w 2944 -2976 2928 -2976 0
151 1648 -2880 1744 -2880 0 2 5 5
151 3040 -2960 3136 -2960 0 2 5 5
151 4448 -2976 4544 -2976 0 2 5 5
R 4448 -2960 4416 -2960 4 5 1000 5 0 0 0.5
w 4448 -2992 4352 -2992 0
w 5872 -3008 5776 -3008 0
R 5872 -2976 5840 -2976 4 5 1000 5 0 0 0.5
151 5872 -2992 5968 -2992 0 2 5 5
150 1792 -2832 1872 -2832 0 3 0 5
w 1744 -2880 1792 -2848 0
w 1792 -2832 1440 -2832 0
w 688 -1600 672 -2816 0
w 1792 -2816 672 -2816 0
150 3184 -2912 3264 -2912 0 3 0 5
w 3136 -2960 3184 -2928 0
w 1792 -2832 1792 -2880 0
w 1792 -2816 1792 -2784 0
w 1792 -2880 3184 -2912 0
w 1792 -2784 3184 -2896 0
150 4576 -2928 4656 -2928 0 3 0 5
w 4544 -2976 4576 -2944 0
w 3184 -2896 3184 -2864 0
w 3184 -2912 3184 -2960 0
w 3184 -2960 4576 -2928 0
w 3184 -2864 4576 -2912 0
150 6000 -2960 6080 -2960 0 3 0 5
w 5968 -2992 6000 -2976 0
w 4576 -2928 4576 -2960 0
w 4576 -2960 6000 -2960 0
w 4576 -2912 4576 -2880 0
w 4576 -2880 6000 -2944 0
w 2240 -3328 1872 -2832 0
w 2208 -2944 2208 -2736 0
w 2208 -2736 1824 -2736 0
w 1824 -2736 1824 -2192 0
w 1856 -2192 1824 -2192 0
w 2272 -2944 2272 -2672 0
w 2272 -2672 1792 -2672 0
w 2336 -2944 2336 -2576 0
w 2336 -2576 1744 -2576 0
w 2400 -2944 2400 -2480 0
w 2464 -2944 2464 -2416 0
w 2528 -2944 2528 -2352 0
w 2592 -2944 2592 -2272 0
w 2400 -2480 1696 -2480 0
w 2464 -2416 1680 -2416 0
w 2528 -2352 1648 -2352 0
w 2592 -2272 1600 -2288 0
w 1792 -2672 1792 -2128 0
w 1824 -2128 1792 -2128 0
w 1744 -2576 1744 -2064 0
w 1792 -2064 1744 -2064 0
w 1696 -2480 1696 -2000 0
w 1696 -2000 1760 -2000 0
w 1680 -2416 1680 -1936 0
w 1680 -1936 1728 -1936 0
w 1648 -2352 1680 -1872 0
w 1600 -1808 1600 -2288 0
150 688 -3440 688 -3520 0 2 0 5
w 2944 -3232 2944 -3424 0
w 4336 -3408 4336 -3232 0
w 5760 -3408 5760 -3232 0
w 3600 -3344 3264 -2912 0
w 3584 -3040 3600 -3344 0
w 3648 -3040 3648 -3344 0
w 3712 -3040 3712 -3344 0
w 3776 -3040 3776 -3344 0
w 3840 -3040 3840 -3344 0
w 3904 -3040 3904 -3344 0
w 3968 -3040 3968 -3344 0
w 3664 -3840 3936 -3040 0
w 3664 -3872 3872 -3040 0
w 3664 -3904 3808 -3040 0
w 3664 -3936 3744 -3040 0
w 3664 -3968 3680 -3040 0
w 3664 -4000 3616 -3040 0
w 3664 -4032 3552 -3040 0
150 3952 -3040 3952 -2960 0 2 0 5
150 3888 -3040 3888 -2960 0 2 0 5
150 3824 -3040 3824 -2960 0 2 0 5
150 3760 -3040 3760 -2960 0 2 0 5
150 3696 -3040 3696 -2960 0 2 0 5
150 3632 -3040 3632 -2960 0 2 0 5
150 3568 -3040 3568 -2960 0 2 0 5
w 3600 -3344 3648 -3344 0
w 3648 -3344 3712 -3344 0
w 3712 -3344 3776 -3344 0
w 3776 -3344 3840 -3344 0
w 3840 -3344 3904 -3344 0
w 3904 -3344 3968 -3344 0
w 3952 -2288 3040 -2304 0
w 3888 -2368 3072 -2368 0
w 3824 -2432 3088 -2432 0
w 3760 -2496 3120 -2496 0
w 3952 -2960 3952 -2288 0
w 3888 -2960 3888 -2368 0
w 3824 -2960 3824 -2432 0
w 3760 -2960 3760 -2496 0
w 3696 -2592 3152 -2592 0
w 3696 -2960 3696 -2592 0
w 3632 -2688 3184 -2688 0
w 3632 -2960 3632 -2688 0
w 3568 -2752 3216 -2752 0
w 3568 -2960 3568 -2752 0
w 3216 -2208 3216 -2752 0
w 3184 -2144 3184 -2688 0
w 3152 -2080 3152 -2592 0
w 3120 -2016 3120 -2496 0
w 3088 -1952 3088 -2432 0
w 3072 -1888 3072 -2368 0
w 3040 -1824 3040 -2304 0
150 4960 -3056 4960 -2976 0 2 0 5
150 5024 -3056 5024 -2976 0 2 0 5
150 5088 -3056 5088 -2976 0 2 0 5
150 5152 -3056 5152 -2976 0 2 0 5
150 5216 -3056 5216 -2976 0 2 0 5
150 5280 -3056 5280 -2976 0 2 0 5
150 5344 -3056 5344 -2976 0 2 0 5
w 5056 -4048 4944 -3056 0
w 5056 -4016 5008 -3056 0
w 5056 -3984 5072 -3056 0
w 5056 -3952 5136 -3056 0
w 5056 -3888 5264 -3056 0
w 5056 -3856 5328 -3056 0
w 5360 -3056 5360 -3360 0
w 5296 -3056 5296 -3360 0
w 5232 -3056 5232 -3360 0
w 5168 -3056 5168 -3360 0
w 5104 -3056 5104 -3360 0
w 5040 -3056 5040 -3360 0
w 4976 -3056 4992 -3360 0
w 4992 -3360 4656 -2928 0
w 4992 -3360 5040 -3360 0
w 5040 -3360 5104 -3360 0
w 5104 -3360 5168 -3360 0
w 5168 -3360 5232 -3360 0
w 5232 -3360 5296 -3360 0
w 5296 -3360 5360 -3360 0
w 5056 -3920 5200 -3056 0
w 4960 -2976 4960 -2768 0
w 4960 -2768 4608 -2768 0
w 5024 -2976 5024 -2704 0
w 5024 -2704 4576 -2704 0
w 5088 -2976 5088 -2608 0
w 5088 -2608 4544 -2608 0
w 5152 -2976 5152 -2512 0
w 5216 -2976 5216 -2448 0
w 5280 -2976 5280 -2384 0
w 5344 -2976 5344 -2304 0
w 5152 -2512 4512 -2512 0
w 5216 -2448 4480 -2448 0
w 5280 -2384 4464 -2384 0
w 4608 -2224 4608 -2768 0
w 4576 -2160 4576 -2704 0
w 4544 -2096 4544 -2608 0
w 4512 -2032 4512 -2512 0
w 4480 -1968 4480 -2448 0
w 4464 -1904 4464 -2384 0
w 4432 -1840 4432 -2320 0
w 5344 -2304 4432 -2320 0
150 6944 -3088 6944 -3008 0 2 0 5
150 6880 -3088 6880 -3008 0 2 0 5
150 6816 -3088 6816 -3008 0 2 0 5
150 6752 -3088 6752 -3008 0 2 0 5
150 6688 -3088 6688 -3008 0 2 0 5
150 6624 -3088 6624 -3008 0 2 0 5
150 6560 -3088 6560 -3008 0 2 0 5
w 6656 -3952 6800 -3088 0
w 6576 -3088 6592 -3392 0
w 6640 -3088 6640 -3392 0
w 6704 -3088 6704 -3392 0
w 6768 -3088 6768 -3392 0
w 6832 -3088 6832 -3392 0
w 6896 -3088 6896 -3392 0
w 6960 -3088 6960 -3392 0
w 6656 -3888 6928 -3088 0
w 6656 -3920 6864 -3088 0
w 6656 -3984 6736 -3088 0
w 6656 -4016 6672 -3088 0
w 6656 -4048 6608 -3088 0
w 6656 -4080 6544 -3088 0
w 6592 -3392 6640 -3392 0
w 6640 -3392 6704 -3392 0
w 6704 -3392 6768 -3392 0
w 6768 -3392 6832 -3392 0
w 6832 -3392 6896 -3392 0
w 6896 -3392 6960 -3392 0
w 6080 -2960 6592 -3392 0
w 6944 -2336 6032 -2352 0
w 6880 -2416 6064 -2416 0
w 6816 -2480 6080 -2480 0
w 6752 -2544 6112 -2544 0
w 6944 -3008 6944 -2336 0
w 6880 -3008 6880 -2416 0
w 6816 -3008 6816 -2480 0
w 6752 -3008 6752 -2544 0
w 6688 -2640 6144 -2640 0
w 6688 -3008 6688 -2640 0
w 6624 -2736 6176 -2736 0
w 6624 -3008 6624 -2736 0
w 6560 -2800 6208 -2800 0
w 6560 -3008 6560 -2800 0
w 6208 -2256 6208 -2800 0
w 6176 -2192 6176 -2736 0
w 6144 -2128 6144 -2640 0
w 6112 -2064 6112 -2544 0
w 6080 -2000 6080 -2480 0
w 6064 -1936 6064 -2416 0
w 6032 -1872 6032 -2352 0
w 1552 -1488 1552 -2896 0
w 1280 -1600 1280 -1488 0
w 1552 -1488 1280 -1488 0
R 1376 -1568 1344 -1568 4 5 1000 5 0 0 0.5
w 1376 -1600 1280 -1600 0
151 1376 -1584 1472 -1584 0 2 5 5
150 1408 -1696 1488 -1696 0 3 0 5
w 1408 -1680 1472 -1584 0
w 1216 -1856 1408 -1712 0
w 688 -1600 1408 -1696 0
w 1488 -1696 1488 -1456 0
w 1616 -2224 1616 -1360 0
w 2416 -1360 1616 -1360 0
w 2480 -1376 1632 -1376 0
w 2544 -1408 1648 -1408 0
w 2608 -1440 1664 -1440 0
w 2672 -1488 1696 -1488 0
w 2736 -1520 1728 -1520 0
w 2800 -1568 1760 -1568 0
w 1632 -2160 1632 -1376 0
w 1648 -2096 1648 -1408 0
w 1664 -2032 1664 -1440 0
w 1696 -1968 1696 -1488 0
w 1728 -1904 1728 -1520 0
w 1760 -1840 1760 -1568 0
w 2848 -1728 2912 -1632 0
150 2848 -1744 2928 -1744 0 3 0 5
151 2816 -1632 2912 -1632 0 2 5 5
w 2816 -1648 2720 -1648 0
R 2816 -1616 2784 -1616 4 5 1000 5 0 0 0.5
w 2928 -1744 2928 -1488 0
w 4336 -1744 4336 -1488 0
R 4224 -1616 4192 -1616 4 5 1000 5 0 0 0.5
w 4224 -1648 4128 -1648 0
151 4224 -1632 4320 -1632 0 2 5 5
150 4256 -1744 4336 -1744 0 3 0 5
w 4256 -1728 4320 -1632 0
w 5888 -1776 5888 -1520 0
R 5776 -1648 5744 -1648 4 5 1000 5 0 0 0.5
w 5776 -1680 5680 -1680 0
151 5776 -1664 5872 -1664 0 2 5 5
150 5808 -1776 5888 -1776 0 3 0 5
w 5808 -1760 5872 -1664 0
w 1408 -1712 2848 -1760 0
w 1408 -1696 2848 -1744 0
w 2960 -1584 2720 -1584 0
w 2720 -1648 2720 -1584 0
w 2960 -1584 2944 -2976 0
w 2848 -1760 4256 -1760 0
w 2848 -1744 4256 -1744 0
w 4256 -1760 5808 -1792 0
w 4256 -1744 5808 -1776 0
w 4128 -1648 4128 -1600 0
w 5680 -1680 5680 -1600 0
w 4128 -1600 4352 -1600 0
w 4352 -1600 4352 -2992 0
w 5680 -1600 5808 -1600 0
w 5808 -1600 5776 -3008 0
152 1584 -1280 1680 -1280 0 2 5 5
w 1488 -1456 1488 -1296 0
w 1584 -1296 1488 -1296 0
w 1216 -528 1216 -1264 0
w 1584 -1264 1216 -1264 0
w 1680 -1280 2928 -1280 0
152 4288 -1328 4384 -1328 0 2 5 5
152 2848 -1344 2944 -1344 0 2 5 5
w 2928 -1488 2848 -1360 0
w 1584 -1264 2848 -1328 0
w 2944 -1344 4208 -1344 0
w 4208 -1344 4208 -976 0
w 2848 -1328 4288 -1312 0
w 4336 -1488 4288 -1344 0
w 4384 -1328 5680 -1328 0
152 5744 -1328 5840 -1328 0 2 5 5
w 4288 -1312 5744 -1312 0
w 5888 -1520 5744 -1520 0
w 5744 -1344 5744 -1520 0
w 5840 -1328 7280 -1312 0
w 4480 -3312 4480 -3216 0
150 6288 -3376 6288 -3296 0 2 0 5
w 5968 -3568 6224 -3568 0
w 6144 -3440 6288 -3440 0
w 6224 -3568 6208 -3376 0
150 6224 -3376 6224 -3296 0 2 0 5
w 6224 -3568 6240 -3376 0
w 6288 -3440 6272 -3376 0
w 6288 -3440 6304 -3376 0
w 6016 -3264 6112 -3264 0
w 6208 -3216 6224 -3216 0
w 6224 -3296 6224 -3216 0
w 6208 -3184 6288 -3184 0
w 6288 -3296 6288 -3184 0
w 6016 -3264 6016 -3200 0
w 6128 -3200 6016 -3200 0
151 6208 -3200 6128 -3200 0 2 5 5
w 2224 -1136 2224 -64 0
w 2224 -1104 2224 -32 0
w 2224 -1072 2224 0 0
w 2224 -1040 2224 32 0
w 2224 32 7888 32 0
w 3584 -1152 3584 -64 0
w 3584 -1120 3584 -32 0
w 3584 -1088 3584 0 0
w 3584 -1056 3584 32 0
w 2224 -64 7792 -64 0
w 2224 0 7856 0 0
w 2224 -32 7824 -32 0
w 7792 -64 7792 -1984 0
w 7824 -32 7824 -1120 0
w 7856 0 7856 -1072 0
w 7888 32 7888 -1024 0
w 9248 32 9248 -1024 0
w 9216 0 9216 -1072 0
w 9184 -32 9184 -1120 0
w 3584 -32 9184 -32 0
w 3584 0 9216 0 0
w 3584 -64 9152 -64 0
w 3584 32 9248 32 0
w 4976 -1168 4976 -64 0
w 4976 -1136 4976 -32 0
w 4976 -1104 4976 0 0
w 4976 -1072 4976 32 0
w 6576 -1200 6576 -64 0
w 6576 -1168 6576 -32 0
w 6576 -1136 6576 0 0
w 6576 -1104 6576 32 0
w 10640 32 10640 -1024 0
w 10608 0 10608 -1072 0
w 10576 -32 10576 -1120 0
w 4976 -32 10576 -32 0
w 4976 0 10608 0 0
w 4976 -64 10544 -64 0
w 4976 32 10640 32 0
w 12240 32 12240 -1024 0
w 12208 0 12208 -1072 0
w 12176 -32 12176 -1120 0
w 6576 -32 12176 -32 0
w 6576 0 12208 0 0
w 6576 -64 12144 -64 0
w 6576 32 12240 32 0
w 2176 -4016 2176 -4304 0
w 2176 -3984 2176 -4272 0
w 2176 -3952 2176 -4240 0
w 2176 -3920 2176 -4208 0
w 2176 -4272 7808 -4272 0
w 2176 -4240 7840 -4240 0
w 2176 -4304 7776 -4304 0
w 2176 -4208 7872 -4208 0
w 7792 -2016 7776 -4304 0
w 7824 -1952 7808 -4272 0
w 7856 -1888 7840 -4240 0
w 7888 -1824 7872 -4208 0
w 3536 -4032 3536 -4304 0
w 3536 -4000 3536 -4272 0
w 3536 -3968 3536 -4240 0
w 3536 -3936 3536 -4208 0
w 4928 -4048 4928 -4304 0
w 4928 -4016 4928 -4272 0
w 4928 -3984 4928 -4240 0
w 4928 -3952 4928 -4208 0
w 6528 -4080 6528 -4304 0
w 6528 -4048 6528 -4272 0
w 6528 -4016 6528 -4240 0
w 6528 -3984 6528 -4208 0
w 3536 -4208 9232 -4208 0
w 3536 -4304 9136 -4304 0
w 3536 -4240 9200 -4240 0
w 3536 -4272 9168 -4272 0
w 4928 -4272 10560 -4272 0
w 4928 -4240 10592 -4240 0
w 4928 -4304 10528 -4304 0
w 4928 -4208 10624 -4208 0
w 6528 -4272 12160 -4272 0
w 6528 -4240 12192 -4240 0
w 6528 -4304 12128 -4304 0
w 6528 -4208 12224 -4208 0
154 8272 -2000 8384 -2000 0 2 0 5
I 8384 -2000 8416 -2000 0 0.5 5
I 8384 -1936 8416 -1936 0 0.5 5
154 8272 -1936 8384 -1936 0 2 0 5
I 8384 -1872 8416 -1872 0 0.5 5
154 8272 -1872 8384 -1872 0 2 0 5
I 8384 -1808 8416 -1808 0 0.5 5
154 8272 -1808 8384 -1808 0 2 0 5
w 8272 -2016 7792 -2016 0
w 8272 -1952 7824 -1952 0
w 7792 -1984 8272 -1984 0
w 8272 -1888 7856 -1888 0
w 8272 -1792 7888 -1792 0
w 8272 -1824 7888 -1824 0
w 8272 -1920 7824 -1920 0
w 8272 -1856 7856 -1856 0
w 7824 -1120 7824 -1920 0
w 7856 -1072 7856 -1856 0
w 7888 -1024 7888 -1792 0
150 8496 -1904 8624 -1904 0 4 5 5
w 8416 -2000 8496 -2000 0
w 8416 -1936 8464 -1936 0
w 8464 -1936 8464 -1920 0
w 8464 -1920 8496 -1920 0
w 8416 -1808 8496 -1808 0
w 8496 -1872 8496 -1808 0
w 8416 -1872 8464 -1872 0
w 8464 -1872 8464 -1888 0
w 8464 -1888 8496 -1888 0
w 8496 -2000 8496 -1936 0
w 9824 -1872 9824 -1888 0
w 9776 -1872 9824 -1872 0
w 9776 -1808 9856 -1808 0
w 9824 -1936 9824 -1920 0
w 9776 -1936 9824 -1936 0
w 9776 -2000 9856 -2000 0
w 9248 -1024 9248 -1792 0
w 9216 -1072 9216 -1856 0
w 9184 -1120 9184 -1920 0
w 9632 -1856 9216 -1856 0
w 9632 -1920 9184 -1920 0
w 9632 -1824 9248 -1824 0
w 9632 -1792 9248 -1792 0
w 9632 -1888 9216 -1888 0
w 9152 -1984 9632 -1984 0
w 9632 -1952 9184 -1952 0
w 9632 -2016 9152 -2016 0
154 9632 -1808 9744 -1808 0 2 0 5
I 9744 -1808 9776 -1808 0 0.5 5
154 9632 -1872 9744 -1872 0 2 0 5
I 9744 -1872 9776 -1872 0 0.5 5
154 9632 -1936 9744 -1936 0 2 0 5
I 9744 -1936 9776 -1936 0 0.5 5
I 9744 -2000 9776 -2000 0 0.5 5
154 9632 -2000 9744 -2000 0 2 0 5
w 9248 -1824 9232 -4208 0
w 9216 -1888 9200 -4240 0
w 9184 -1952 9168 -4272 0
w 9152 -2016 9136 -4304 0
w 9152 -64 9152 -1984 0
150 9856 -1904 9984 -1904 0 4 5 5
w 9824 -1888 9856 -1888 0
w 9824 -1920 9856 -1920 0
w 9856 -2000 9856 -1936 0
w 9856 -1808 9856 -1872 0
w 11248 -1808 11248 -1872 0
w 11248 -2000 11248 -1936 0
w 11216 -1920 11248 -1920 0
w 11216 -1888 11248 -1888 0
150 11248 -1904 11376 -1904 0 4 0 5
w 10544 -64 10544 -1984 0
w 10544 -2016 10528 -4304 0
w 10576 -1952 10560 -4272 0
w 10608 -1888 10592 -4240 0
w 10640 -1824 10624 -4208 0
154 11024 -2000 11136 -2000 0 2 5 5
I 11136 -2000 11168 -2000 0 0.5 5
I 11136 -1936 11168 -1936 0 0.5 5
154 11024 -1936 11136 -1936 0 2 5 5
I 11136 -1872 11168 -1872 0 0.5 5
154 11024 -1872 11136 -1872 0 2 0 5
I 11136 -1808 11168 -1808 0 0.5 5
154 11024 -1808 11136 -1808 0 2 0 5
w 11024 -2016 10544 -2016 0
w 11024 -1952 10576 -1952 0
w 10544 -1984 11024 -1984 0
w 11024 -1888 10608 -1888 0
w 11024 -1792 10640 -1792 0
w 11024 -1824 10640 -1824 0
w 11024 -1920 10576 -1920 0
w 11024 -1856 10608 -1856 0
w 10576 -1120 10576 -1920 0
w 10608 -1072 10608 -1856 0
w 10640 -1024 10640 -1792 0
w 11168 -2000 11248 -2000 0
w 11168 -1936 11216 -1936 0
w 11216 -1936 11216 -1920 0
w 11168 -1808 11248 -1808 0
w 11168 -1872 11216 -1872 0
w 11216 -1872 11216 -1888 0
w 12848 -1808 12848 -1872 0
w 12848 -2000 12848 -1936 0
w 12816 -1920 12848 -1920 0
w 12816 -1888 12848 -1888 0
150 12848 -1904 12976 -1904 0 4 5 5
w 12144 -64 12144 -1984 0
w 12144 -2016 12128 -4304 0
w 12176 -1952 12160 -4272 0
w 12208 -1888 12192 -4240 0
w 12240 -1824 12224 -4208 0
154 12624 -2000 12736 -2000 0 2 0 5
I 12736 -2000 12768 -2000 0 0.5 5
I 12736 -1936 12768 -1936 0 0.5 5
154 12624 -1936 12736 -1936 0 2 0 5
I 12736 -1872 12768 -1872 0 0.5 5
154 12624 -1872 12736 -1872 0 2 0 5
I 12736 -1808 12768 -1808 0 0.5 5
154 12624 -1808 12736 -1808 0 2 0 5
w 12624 -2016 12144 -2016 0
w 12624 -1952 12176 -1952 0
w 12144 -1984 12624 -1984 0
w 12624 -1888 12208 -1888 0
w 12624 -1792 12240 -1792 0
w 12624 -1824 12240 -1824 0
w 12624 -1920 12176 -1920 0
w 12624 -1856 12208 -1856 0
w 12176 -1120 12176 -1920 0
w 12208 -1072 12208 -1856 0
w 12240 -1024 12240 -1792 0
w 12768 -2000 12848 -2000 0
w 12768 -1936 12816 -1936 0
w 12816 -1936 12816 -1920 0
w 12768 -1808 12848 -1808 0
w 12768 -1872 12816 -1872 0
w 12816 -1872 12816 -1888 0
150 10080 -2800 10080 -3120 0 4 0 5
w 10064 -2800 9984 -1904 0
w 8624 -1904 10048 -2800 0
w 10096 -2800 11376 -1904 0
w 10112 -2800 12976 -1904 0
162 10080 -3120 10080 -3280 2 default-led 1 0 0 0.01
g 10080 -3280 10128 -3280 0 0
