$ 1 0.000005 10.20027730826997 50 5 43 5e-11
R 1360 48 1280 48 0 2 200 5 0 0 0.5
164 1408 16 1632 16 0 4 0 5 0 5 false 0
w 1360 48 1408 16 0
150 1920 32 2160 32 0 2 0 5
w 2160 64 2160 240 0
w 1840 224 1408 224 0
w 1408 224 1408 112 0
157 1888 -352 1904 -352 0 7 0 0
197 1584 -240 1600 -240 0
w 1504 16 1584 -240 0
w 1504 48 1584 -208 0
w 1504 80 1584 -176 0
w 1504 112 1584 -144 0
w 1712 -240 1888 -352 0
w 1712 -208 1888 -320 0
w 1712 -176 1888 -288 0
w 1712 -144 1888 -256 0
w 1712 -112 1952 -224 0
w 1712 -80 1984 -224 0
w 1712 -48 2016 -224 0
152 1952 224 1840 224 0 2 0 5
w 2160 240 1952 240 0
w 1504 16 1920 16 0
w 1504 80 1920 48 0
w 2160 32 2160 64 0
164 592 -32 816 -32 0 4 0 5 5 0 false 0
R -1136 -256 -1232 -256 0 0 40 5 0 0 0.5
w 896 -96 1200 -272 0
w 896 -128 1168 -272 0
w 896 -160 1136 -272 0
w 896 -192 1072 -304 0
w 896 -224 1072 -336 0
w 896 -256 1072 -368 0
w 896 -288 1072 -400 0
w 688 64 768 -192 0
w 688 32 768 -224 0
w 688 0 768 -256 0
w 688 -32 768 -288 0
197 768 -288 784 -288 0
157 1072 -400 1088 -400 0 7 0 0
157 1088 -128 1104 -128 0 7 0 0
197 784 -16 800 -16 0
w 704 240 784 -16 0
w 704 272 784 16 0
w 704 304 784 48 0
w 704 336 784 80 0
w 912 -16 1088 -128 0
w 912 16 1088 -96 0
w 912 48 1088 -64 0
w 912 80 1088 -32 0
w 912 112 1152 0 0
w 912 144 1184 0 0
w 912 176 1216 0 0
164 608 240 832 240 0 4 0 5 0 0 false 0
157 1088 144 1104 144 0 7 0 0
197 784 256 800 256 0
w 704 512 784 256 0
w 704 544 784 288 0
w 704 576 784 320 0
w 704 608 784 352 0
w 912 256 1088 144 0
w 912 288 1088 176 0
w 912 320 1088 208 0
w 912 352 1088 240 0
w 912 384 1152 272 0
w 912 416 1184 272 0
w 912 448 1216 272 0
164 608 512 832 512 0 4 0 0 0 0 false 0
157 1088 400 1104 400 0 7 0 0
197 784 512 800 512 0
w 704 768 784 512 0
w 704 800 784 544 0
w 704 832 784 576 0
w 704 864 784 608 0
w 912 512 1088 400 0
w 912 544 1088 432 0
w 912 576 1088 464 0
w 912 608 1088 496 0
w 912 640 1152 528 0
w 912 672 1184 528 0
w 912 704 1216 528 0
164 608 768 832 768 0 4 0 0 0 0 false 0
s -1136 -256 -944 -256 0 1 true
164 -944 -256 -720 -256 0 4 0 0 5 0 false 0
s 224 240 416 240 4 1 true key2
w -800 32 -208 32 0
w -768 16 -208 16 0
w -736 0 -208 0 0
w -736 272 -144 272 0
419 -480 -256 -432 -256 0 4
w -736 -256 -480 -256 0
w -768 -224 -480 -224 0
w -800 -192 -480 -192 0
w -832 -160 -480 -160 0
w 608 768 400 768 0
w 608 512 416 512 0
w 608 240 416 240 0
w 592 -32 416 -32 0
150 -208 16 -64 16 4 3 0 5
w -64 16 -48 16 0
150 -144 288 0 288 4 3 5 5
w -768 288 -144 288 0
w -832 304 -144 304 0
s 224 -32 416 -32 4 1 true key2
w 0 288 224 240 0
w -48 16 224 -32 0
150 -320 448 -192 448 4 2 5 5
150 -320 512 -192 512 0 2 0 5
w -192 448 -128 464 0
w -192 512 -128 496 0
w -848 -256 -736 -256 0
w -736 -256 -736 0 0
w -848 -224 -768 -224 0
w -848 -192 -800 -192 0
w -848 -160 -832 -160 0
w -320 432 -736 432 0
150 -128 480 0 480 0 2 0 5
w -320 464 -768 464 0
w -320 496 -800 496 0
w -320 528 -832 528 0
w 0 480 224 512 0
s 224 512 416 512 4 1 true key2
w -736 0 -736 272 0
w -736 272 -736 432 0
w -768 -224 -768 16 0
w -768 16 -768 288 0
w -768 288 -768 464 0
w -800 32 -800 -192 0
w -800 32 -800 496 0
w -832 528 -832 304 0
w -832 304 -832 -160 0
150 -160 768 -16 768 4 3 0 5
w -16 768 208 768 0
w -160 752 -720 752 0
w -736 432 -736 736 0
w -736 752 -736 736 0
w -768 464 -768 752 0
w -800 496 -800 768 0
w -832 528 -832 784 0
w -736 752 -720 752 0
w -160 768 -800 768 0
w -160 784 -832 784 0
s 208 768 400 768 4 1 true key2
