$ 1 0.000005 0.575460267600573 50 5 43 5e-11
w 272 480 288 480 0
w 288 480 288 400 0
w 272 512 304 512 0
w 304 512 304 368 0
w 176 432 176 496 0
150 272 496 176 496 0 2 0 5
164 176 336 240 336 0 4 0 0 5 5 false 0
150 272 272 176 272 0 2 0 5
w 176 208 176 272 0
w 272 208 384 208 0
w 288 176 384 176 0
w 272 176 288 176 0
w 272 144 384 144 0
w 304 112 384 112 0
w 272 112 304 112 0
w 304 288 304 112 0
w 272 288 304 288 0
w 288 256 288 176 0
w 272 256 288 256 0
419 384 112 448 112 0 4
R 32 176 16 176 0 0 40 5 0 0 0.5
s 32 176 112 176 0 1 true
164 176 112 240 112 0 4 0 0 0 5 false 0
419 384 336 448 336 0 4
w 272 336 384 336 0
w 272 368 304 368 0
w 304 368 384 368 0
w 272 400 288 400 0
w 288 400 384 400 0
w 272 432 384 432 0
w 176 272 176 336 0
164 176 560 240 560 0 4 0 5 0 5 false 0
150 336 720 240 720 0 2 0 5
150 336 784 240 784 0 2 0 5
152 240 752 160 752 0 2 0 5
w 336 704 336 624 0
w 336 736 352 736 0
w 352 736 352 560 0
w 336 768 368 768 0
w 368 768 368 592 0
w 240 736 240 720 0
w 240 784 240 768 0
w 160 752 160 656 0
w 160 656 176 656 0
w 176 496 176 560 0
419 384 560 448 560 0 4
w 272 560 352 560 0
w 352 560 384 560 0
w 272 592 368 592 0
w 368 592 384 592 0
w 272 624 336 624 0
w 336 624 384 624 0
w 272 656 384 656 0
R 176 112 144 112 0 2 7500 5 0 0 0.01
164 176 848 240 848 0 4 0 0 0 0 false 0
419 384 848 448 848 0 4
150 272 1008 176 1008 0 2 0 5
w 272 992 288 992 0
w 288 992 288 944 0
w 272 1024 304 1024 0
w 304 1024 304 912 0
w 336 800 336 912 0
w 272 912 304 912 0
w 304 912 336 912 0
w 336 912 384 912 0
w 272 944 288 944 0
w 288 944 384 944 0
w 272 880 384 880 0
w 272 848 384 848 0
w 160 752 160 848 0
w 160 848 176 848 0
w 176 944 176 1008 0
193 864 496 960 496 0 0
193 1216 496 1280 496 0 0
193 1504 496 1552 496 0 0
193 1744 496 1888 496 0 5
w 864 528 864 672 0
w 1216 528 1216 672 0
w 864 672 1216 672 0
w 1216 672 1504 672 0
w 1504 528 1504 672 0
w 1504 672 1744 672 0
w 1744 528 1744 672 0
w 864 496 864 464 0
w 864 464 800 464 0
w 864 672 752 672 0
R 752 672 624 672 0 2 40 5 0 0 0.5
w 960 496 1216 496 0
w 960 496 960 224 0
w 960 224 960 160 0
w 960 224 1344 224 0
w 1312 496 1312 288 0
w 1312 288 1312 160 0
w 1312 288 1408 288 0
150 1424 240 1520 240 0 2 0 5
150 1664 240 1744 240 0 2 0 5
w 1408 288 1424 256 0
w 1344 224 1424 224 0
w 1520 240 1504 496 0
w 1520 240 1664 224 0
w 1600 496 1664 256 0
w 1744 240 1744 496 0
w 1840 496 1840 160 0
w 1600 496 1600 160 0
419 1904 48 1984 48 0 4
w 1840 160 1904 48 0
w 1600 160 1904 80 0
w 1312 160 1904 112 0
w 960 160 1904 144 0
R 800 464 688 448 0 0 40 5 0 0 0.5
